0.8000000000000000         -0.3606477208044794
1.0000000000000000         -0.5086101591929397
1.1000000000000001         -0.5536323985734920
1.2000000000000000         -0.5866387092473128
1.3000000000000000         -0.6108959573922395
1.3899999999999999         -0.6271406133936103
1.3999999999999999         -0.6286775318999674
1.4099999999999999         -0.6301662421265918
1.6000000000000001         -0.6508465655801718
1.7000000000000000         -0.6572779894714543
1.8000000000000000         -0.6615470677072033
1.8500000000000001         -0.6630296913792152
1.8600000000000001         -0.6632808671556776
1.8700000000000001         -0.6635178115155096
1.8799999999999999         -0.6637408843088259
1.8899999999999999         -0.6639504362031362
1.8999999999999999         -0.6641468089351413
1.9099999999999999         -0.6643303355832350
1.9199999999999999         -0.6645013408073460
1.9299999999999999         -0.6646601410978921
1.9399999999999999         -0.6648070450056146
1.9500000000000000         -0.6649423533659403
1.9600000000000000         -0.6650663595290330
1.9700000000000000         -0.6651793495581557
1.9800000000000000         -0.6652816024455667
1.9900000000000000         -0.6653733903075523
2.0000000000000000         -0.6654549785792545
2.0099999999999998         -0.6655266262009824
2.0200000000000000         -0.6655885857982891
2.0299999999999998         -0.6656411038636236
2.0400000000000000         -0.6656844209178781
2.0499999999999998         -0.6657187716843005
2.0600000000000001         -0.6657443852416749
2.0699999999999998         -0.6657614851824817
2.0800000000000001         -0.6657702897681607
2.0899999999999999         -0.6657710120659457
2.1000000000000001         -0.6657638600992878
2.2000000000000002         -0.6653016753263139
2.3999999999999999         -0.6627464507461625
2.4100000000000001         -0.6625762391153688
2.4199999999999999         -0.6624028107024755
2.4300000000000002         -0.6622262648310455
2.4399999999999999         -0.6620466987902702
2.6000000000000001         -0.6588351420103071
2.7000000000000002         -0.6565948477206190
2.7400000000000002         -0.6556672243099098
2.7500000000000000         -0.6554332271074476
2.7599999999999998         -0.6551985008727887
2.7999999999999998         -0.6542533354121112
2.8399999999999999         -0.6533005227170574
2.8599999999999999         -0.6528221916816447
2.8799999999999999         -0.6523430561154090
2.8900000000000001         -0.6521032947540224
2.8999999999999999         -0.6518634606230884
2.9199999999999999         -0.6513837388996717
2.9399999999999999         -0.6509042141577566
2.9600000000000000         -0.6504251995224285
2.9800000000000000         -0.6499469984112280
3.0400000000000000         -0.6485201718063585
3.0600000000000001         -0.6480480763058492
3.0800000000000001         -0.6475781769680254
3.1000000000000001         -0.6471107253306874
3.1050000000000000         -0.6469942736062292
3.1150000000000002         -0.6467618898152168
3.1200000000000001         -0.6466459651269070
3.1299999999999999         -0.6464146683913945
3.2000000000000002         -0.6448184497795730
3.2400000000000002         -0.6439266313230192
3.2500000000000000         -0.6437062365263391
3.2599999999999998         -0.6434869132854181
3.2700000000000000         -0.6432686846640389
3.2799999999999998         -0.6430515732974638
3.2900000000000000         -0.6428356013967957
3.2999999999999998         -0.6426207907470081
3.3999999999999999         -0.6405410422167475
3.5000000000000000         -0.6385982252729626
3.7000000000000002         -0.6351778309059206
3.7999999999999998         -0.6337163007471585
3.8999999999999999         -0.6324236771299594
4.3799999999999999         -0.6283646804613195
4.5000000000000000         -0.6278037290535480
4.5199999999999996         -0.6277236808291152
4.5300000000000002         -0.6276849859972961
4.5400000000000000         -0.6276471579724165
4.5499999999999998         -0.6276101823298523
4.5599999999999996         -0.6275740447370382
4.5800000000000001         -0.6275042268677151
4.5999999999999996         -0.6274375917249837
4.6200000000000001         -0.6273740284122225
4.6399999999999997         -0.6273134278848570
4.6600000000000001         -0.6272556830510231
4.6799999999999997         -0.6272006888572413
4.7000000000000002         -0.6271483423698775
4.7199999999999998         -0.6270985428378941
4.7400000000000002         -0.6270511917555518
4.7599999999999998         -0.6270061929061984
4.7800000000000002         -0.6269634524026362
4.7900000000000000         -0.6269429003374892
4.7999999999999998         -0.6269228787228541
4.8099999999999996         -0.6269033764909901
4.8200000000000003         -0.6268843827239015
4.8399999999999999         -0.6268478776649032
4.8600000000000003         -0.6268132792137255
4.8700000000000001         -0.6267966692699847
4.8799999999999999         -0.6267805054455585
4.8899999999999997         -0.6267647778751786
4.9000000000000004         -0.6267494768444772
4.9199999999999999         -0.6267201162883519
4.9400000000000004         -0.6266923490381847
4.9600000000000000         -0.6266661027176905
4.9800000000000004         -0.6266413072871354
5.0000000000000000         -0.6266178950210171
5.0099999999999998         -0.6266066870339779
5.0199999999999996         -0.6265958004717641
5.0300000000000002         -0.6265852275033120
5.0400000000000000         -0.6265749604378208
5.0599999999999996         -0.6265553139293323
5.0700000000000003         -0.6265459197811457
5.0800000000000001         -0.6265368021243015
5.0899999999999999         -0.6265279539370303
5.0999999999999996         -0.6265193683299988
5.2000000000000002         -0.6264465287661050
5.2999999999999998         -0.6263932807106416
5.4000000000000004         -0.6263546546428507
5.5000000000000000         -0.6263266553281699
5.6399999999999997         -0.6262994124416474
5.6500000000000004         -0.6262978446842336
5.6600000000000001         -0.6262963161654722
5.6699999999999999         -0.6262948250199918
5.6799999999999997         -0.6262933694319686
5.6900000000000004         -0.6262919476337817
5.7000000000000002         -0.6262905579086767
5.7999999999999998         -0.6262780791203643
5.8200000000000003         -0.6262758189618320
5.8399999999999999         -0.6262736136038582
5.8499999999999996         -0.6262725286460185
5.8600000000000003         -0.6262714540612481
5.8700000000000001         -0.6262703888120291
5.8799999999999999         -0.6262693318921371
5.9000000000000004         -0.6262672391775050
5.9199999999999999         -0.6262651684969565
5.9400000000000004         -0.6262631129041705
5.9600000000000000         -0.6262610659087645
5.9800000000000004         -0.6262590214539697
6.0000000000000000         -0.6262569738939460
6.0099999999999998         -0.6262559472946225
6.0199999999999996         -0.6262549179800980
6.0300000000000002         -0.6262538853525561
6.0400000000000000         -0.6262528488369588
6.0599999999999996         -0.6262507619473503
6.0800000000000001         -0.6262486531354321
6.0999999999999996         -0.6262465185482187
6.1100000000000003         -0.6262454404697306
6.1200000000000001         -0.6262443546414599
6.1299999999999999         -0.6262432606665529
6.1399999999999997         -0.6262421581644224
6.1500000000000004         -0.6262410467726531
6.1600000000000001         -0.6262399261443622
6.1799999999999997         -0.6262376558722718
6.2000000000000002         -0.6262353448919179
6.2999999999999998         -0.6262231093469904
6.3200000000000003         -0.6262205150118199
6.3399999999999999         -0.6262178687793586
6.3600000000000003         -0.6262151697788114
6.3700000000000001         -0.6262138002605570
6.3799999999999999         -0.6262124172926581
6.3899999999999997         -0.6262110208077245
6.4000000000000004         -0.6262096107472273
6.4199999999999999         -0.6262067497045163
6.4400000000000004         -0.6262038338541099
6.4600000000000000         -0.6262008630060443
6.4800000000000004         -0.6261978370817827
6.5000000000000000         -0.6261947561095885
7.0000000000000000         -0.6261014201147272
7.2000000000000002         -0.6260572408988994
7.4000000000000004         -0.6260107924779685
7.5000000000000000         -0.6259870481882208
7.5999999999999996         -0.6259631171527762
7.7000000000000002         -0.6259391070158633
7.7199999999999998         -0.6259343042377306
7.7400000000000002         -0.6259295029458238
7.7599999999999998         -0.6259247038512665
7.7699999999999996         -0.6259223053456696
7.7800000000000002         -0.6259199076480939
7.7900000000000000         -0.6259175108431452
7.7999999999999998         -0.6259151150139832
7.8200000000000003         -0.6259103266103987
7.8399999999999999         -0.6259055430820845
7.8600000000000003         -0.6259007650574967
7.8700000000000001         -0.6258983783010751
7.8799999999999999         -0.6258959931489732
7.8899999999999997         -0.6258936096756579
7.9000000000000004         -0.6258912279532478
7.9100000000000001         -0.6258888480546415
8.0000000000000000         -0.6258675224460091
8.0999999999999996         -0.6258440653336167
8.1199999999999992         -0.6258394089438868
8.1400000000000006         -0.6258347652409222
8.1600000000000001         -0.6258301346290347
8.1799999999999997         -0.6258255174995451
8.1999999999999993         -0.6258209142317722
8.2100000000000009         -0.6258186179103408
8.2200000000000006         -0.6258163251902018
8.2300000000000004         -0.6258140361149356
8.2400000000000002         -0.6258117507279215
8.2599999999999998         -0.6258071911855513
8.2799999999999994         -0.6258026468909580
8.3000000000000007         -0.6257981181601264
8.4000000000000004         -0.6257757182117545
8.5000000000000000         -0.6257537482422268
8.5199999999999996         -0.6257494083561862
8.5399999999999991         -0.6257450869688618
8.5500000000000007         -0.6257429332684523
8.5600000000000005         -0.6257407842598742
8.5700000000000003         -0.6257386399634743
8.5800000000000001         -0.6257365004004141
8.5999999999999996         -0.6257322355517629
8.6199999999999992         -0.6257279898674560
8.6400000000000006         -0.6257237634926118
8.6600000000000001         -0.6257195565635180
8.6799999999999997         -0.6257153692088366
8.6999999999999993         -0.6257112015495966
8.8000000000000007         -0.6256906623897206
9.0000000000000000         -0.6256511104801170
9.0099999999999998         -0.6256491870018999
9.0199999999999996         -0.6256472687036799
9.0299999999999994         -0.6256453555871250
9.0999999999999996         -0.6256321089361823
9.1999999999999993         -0.6256136256308152
9.2200000000000006         -0.6256099910257195
9.2400000000000002         -0.6256063770501161
9.2599999999999998         -0.6256027836724343
9.2799999999999994         -0.6255992108587690
9.2899999999999991         -0.6255974321511718
9.3000000000000007         -0.6255956585700225
9.3100000000000005         -0.6255938901099913
9.3200000000000003         -0.6255921267654700
9.3399999999999999         -0.6255886154009658
9.3599999999999994         -0.6255851244288926
9.3800000000000008         -0.6255816537984302
9.4000000000000004         -0.6255782034569248
9.4100000000000001         -0.6255764858771878
9.4199999999999999         -0.6255747733487644
9.4299999999999997         -0.6255730658634820
9.4399999999999995         -0.6255713634146310
9.4600000000000009         -0.6255679735938114
9.4800000000000004         -0.6255646038229097
9.5000000000000000         -0.6255612540358712
9.8000000000000007         -0.6255133541572996
9.9000000000000004         -0.6254983357485904
10.0000000000000000         -0.6254837718985738
10.1000000000000000         -0.6254696498887631
10.1999999999999990         -0.6254559565466170
10.2200000000000010         -0.6254532681344526
10.2400000000000000         -0.6254505962202132
10.2600000000000000         -0.6254479406943668
10.2700000000000000         -0.6254466190428272
10.2799999999999990         -0.6254453014467781
10.2899999999999990         -0.6254439878931017
10.3000000000000010         -0.6254426783676628
10.3200000000000000         -0.6254400713460440
10.3400000000000000         -0.6254374802716346
10.3599999999999990         -0.6254349050339809
10.3800000000000010         -0.6254323455215812
10.4000000000000000         -0.6254298016235904
10.5000000000000000         -0.6254173124573087
10.6000000000000000         -0.6254051969645960
10.6999999999999990         -0.6253934412682247
10.8000000000000010         -0.6253820315783662
10.9000000000000000         -0.6253709542477169
11.0000000000000000         -0.6253601958162402
11.0900000000000000         -0.6253507749422482
11.1000000000000000         -0.6253497430478485
11.1099999999999990         -0.6253487140806426
11.1199999999999990         -0.6253476880268588
11.1300000000000010         -0.6253466648739766
11.1400000000000010         -0.6253456446094957
11.1600000000000000         -0.6253436126937464
11.1800000000000000         -0.6253415921784303
11.1900000000000000         -0.6253405861640419
11.1999999999999990         -0.6253395829618226
11.2100000000000010         -0.6253385825592029
11.2200000000000010         -0.6253375849436641
11.2400000000000000         -0.6253355980234195
11.2600000000000000         -0.6253336221016106
11.2799999999999990         -0.6253316570784440
11.3000000000000010         -0.6253297028561404
11.4000000000000000         -0.6253200903288996
11.5000000000000000         -0.6253107332927894
11.6000000000000000         -0.6253016199888028
11.6199999999999990         -0.6252998255648384
11.6400000000000010         -0.6252980403425591
11.6500000000000000         -0.6252971511539831
11.6600000000000000         -0.6252962642325779
11.6700000000000000         -0.6252953795672079
11.6800000000000000         -0.6252944971467485
11.6999999999999990         -0.6252927389969352
11.7200000000000010         -0.6252909896953140
11.7400000000000000         -0.6252892491553919
11.7600000000000000         -0.6252875172905989
11.7799999999999990         -0.6252857940155566
11.8000000000000010         -0.6252840792448080
11.9000000000000000         -0.6252756300173266
12.0000000000000000         -0.6252673809660806
12.1000000000000000         -0.6252593221189480
12.1999999999999990         -0.6252514438900741
12.3000000000000010         -0.6252437370950389
12.4000000000000000         -0.6252361929636292
12.5000000000000000         -0.6252288031579080
13.0000000000000000         -0.6251939102281552
13.5000000000000000         -0.6251619165708009
14.0000000000000000         -0.6251324327990343
14.1000000000000000         -0.6251268363207911
14.1999999999999990         -0.6251213452524363
14.3000000000000010         -0.6251159632855035
14.4000000000000000         -0.6251106946806345
14.5000000000000000         -0.6251055441579585
14.6000000000000000         -0.6251005167700818
14.6999999999999990         -0.6250956177582284
14.8000000000000010         -0.6250908524002631
14.9000000000000000         -0.6250862258556062
15.0000000000000000         -0.6250817430108127
15.1000000000000000         -0.6250774083343086
15.1199999999999990         -0.6250765595351869
15.1400000000000010         -0.6250757168496824
15.1600000000000000         -0.6250748803060107
15.1800000000000000         -0.6250740499295541
15.1999999999999990         -0.6250732257459122
15.2200000000000010         -0.6250724077784692
15.2300000000000000         -0.6250720011329004
15.2400000000000000         -0.6250715960500556
15.2500000000000000         -0.6250711925322774
15.2600000000000000         -0.6250707905820091
15.2799999999999990         -0.6250699913945534
15.3000000000000010         -0.6250691985066802
15.4000000000000000         -0.6250653291306323
15.5000000000000000         -0.6250616193238174
15.6000000000000000         -0.6250580699483917
15.6999999999999990         -0.6250546810146759
15.7200000000000010         -0.6250540224225487
15.7400000000000000         -0.6250533702066737
15.7600000000000000         -0.6250527243558579
15.7799999999999990         -0.6250520848563290
15.8000000000000010         -0.6250514516945596
15.8100000000000000         -0.6250511374851657
15.8200000000000000         -0.6250508248542378
15.8300000000000000         -0.6250505137995472
15.8400000000000000         -0.6250502043188185
15.8599999999999990         -0.6250495900708034
15.8800000000000010         -0.6250489820904706
15.9000000000000000         -0.6250483803581685
16.0000000000000000         -0.6250454646269363
16.1000000000000010         -0.6250427014406226
16.1999999999999990         -0.6250400871328962
16.3000000000000010         -0.6250376175143718
16.3999999999999990         -0.6250352879563326
16.5000000000000000         -0.6250330934763588
16.6000000000000010         -0.6250310288170853
16.6999999999999990         -0.6250290885247625
16.8000000000000010         -0.6250272670193467
16.8999999999999990         -0.6250255586577421
17.0000000000000000         -0.6250239577904354
17.5000000000000000         -0.6250173732797611
18.0000000000000000         -0.6250126918373718
18.5000000000000000         -0.6250093802904358
19.0000000000000000         -0.6250070339939269
19.5000000000000000         -0.6250053602404622
20.0000000000000000         -0.6250041532727743
20.5000000000000000         -0.6250032708034610
21.0000000000000000         -0.6250026152454800
21.5000000000000000         -0.6250021198343314
22.0000000000000000         -0.6250017388111830
22.5000000000000000         -0.6250014406543135
23.0000000000000000         -0.6250012034793382
23.5000000000000000         -0.6250010119394924
24.0000000000000000         -0.6250008551408367
24.5000000000000000         -0.6250007252401971
25.0000000000000000         -0.6250006165007904
25.5000000000000000         -0.6250005246569543
26.0000000000000000         -0.6250004464831171
26.5000000000000000         -0.6250003795018776
27.0000000000000000         -0.6250003217811033
27.5000000000000000         -0.6250002717924782
28.0000000000000000         -0.6250002283106147
28.5000000000000000         -0.6250001903410523
29.0000000000000000         -0.6250001570681635
29.5000000000000000         -0.6250001278164083
30.0000000000000000         -0.6250001020235837
31.0000000000000000         -0.6250000590032279
32.0000000000000000         -0.6250000250525075
32.1000000000000010         -0.6250000220685511
32.2000000000000030         -0.6250000191518555
32.2999999999999970         -0.6250000163003941
32.3999999999999990         -0.6250000135127352
32.5000000000000000         -0.6250000107871160
32.6000000000000010         -0.6250000081220538
32.7000000000000030         -0.6250000055159419
32.7999999999999970         -0.6250000029673053
32.8999999999999990         -0.6250000004747344
33.0000000000000000         -0.6249999980368143
33.1000000000000010         -0.6249999956521437
33.2000000000000030         -0.6249999933194742
33.2999999999999970         -0.6249999910374813
33.3999999999999990         -0.6249999888048156
33.5000000000000000         -0.6249999866204660
33.6000000000000010         -0.6249999844828572
33.6199999999999970         -0.6249999840610285
33.6400000000000010         -0.6249999836408724
33.6599999999999970         -0.6249999832225209
33.6800000000000000         -0.6249999828059783
33.7000000000000030         -0.6249999823913313
33.7199999999999990         -0.6249999819783461
33.7299999999999970         -0.6249999817726495
33.7400000000000020         -0.6249999815673123
33.7500000000000000         -0.6249999813623528
33.7599999999999980         -0.6249999811578931
33.7800000000000010         -0.6249999807502549
33.7999999999999970         -0.6249999803444340
33.8999999999999990         -0.6249999783411975
34.0000000000000000         -0.6249999763805868
34.1000000000000010         -0.6249999744613852
34.2000000000000030         -0.6249999725827986
34.2999999999999970         -0.6249999707437314
34.3999999999999990         -0.6249999689433183
34.5000000000000000         -0.6249999671805870
34.6000000000000010         -0.6249999654545496
34.7000000000000030         -0.6249999637645061
34.7999999999999970         -0.6249999621095530
34.8999999999999990         -0.6249999604887443
35.0000000000000000         -0.6249999589013381
36.0000000000000000         -0.6249999447021378
37.0000000000000000         -0.6249999330969693
38.0000000000000000         -0.6249999235570514
45.0000000000000000         -0.6249998890361952
50.0000000000000000         -0.6249998799801636
55.0000000000000000         -0.6249998756092545
60.0000000000000000         -0.6249998733032072
70.0000000000000000         -0.6249998712699455
80.0000000000000000         -0.6249998704925726
90.0000000000000000         -0.6249998701509859
100.0000000000000000         -0.6249998700020328
200.0000000000000000         -0.6249993856612418
300.0000000000000000         -0.6249992880340555
400.0000000000000000         -0.6249992642700413
500.0000000000000000         -0.6249992558075496
1000.0000000000000000         -0.6249992480385852
