B
          0.8000000000000000         -0.4317976359319831
          1.0000000000000000         -0.5812974357792078
          1.1000000000000001         -0.6272452910415928
          1.2000000000000000         -0.6612849237955768
          1.3000000000000000         -0.6866843075589042
          1.3899999999999999         -0.7040497334517174
          1.3999999999999999         -0.7057165581163228
          1.4099999999999999         -0.7073362395918329
          1.6000000000000001         -0.7307012905008117
          1.7000000000000000         -0.7386861178200844
          1.8000000000000000         -0.7445936459076135
          1.8500000000000001         -0.7469236268031808
          1.8600000000000001         -0.7473463035485302
          1.8700000000000001         -0.7477553904728125
          1.8799999999999999         -0.7481512319422052
          1.8899999999999999         -0.7485341628968060
          1.8999999999999999         -0.7489045090731520
          1.9099999999999999         -0.7492625873032203
          1.9199999999999999         -0.7496087057579771
          1.9299999999999999         -0.7499431641875201
          1.9399999999999999         -0.7502662541681312
          1.9500000000000000         -0.7505782593107319
          1.9600000000000000         -0.7508794555222172
          1.9700000000000000         -0.7511701111891758
          1.9800000000000000         -0.7514504873865119
          1.9900000000000000         -0.7517208381147604
          2.0000000000000000         -0.7519814104544214
          2.0099999999999998         -0.7522324447960614
          2.0200000000000000         -0.7524741749853516
          2.0299999999999998         -0.7527068285541076
          2.0400000000000000         -0.7529306268405831
          2.0499999999999998         -0.7531457852073475
          2.0600000000000001         -0.7533525131688890
          2.0699999999999998         -0.7535510145652781
          2.0800000000000001         -0.7537414877423935
          2.0899999999999999         -0.7539241256578297
          2.1000000000000001         -0.7540991160584839
          2.2000000000000002         -0.7554662524761757
          2.3999999999999999         -0.7565452454576926
          2.4100000000000001         -0.7565534518329114
          2.4199999999999999         -0.7565579601205319
          2.4300000000000002         -0.7565588466851705
          2.4399999999999999         -0.7565561858991112
          2.6000000000000001         -0.7560848250132608
          2.7000000000000002         -0.7554446591553946
          2.7400000000000002         -0.7551267687095176
          2.7500000000000000         -0.7550422360866021
          2.7599999999999998         -0.7549557460978098
          2.7999999999999998         -0.7545908404501722
          2.8399999999999999         -0.7541970439581309
          2.8599999999999999         -0.7539898681171223
          2.8799999999999999         -0.7537761179212544
          2.8900000000000001         -0.7536668392935071
          2.8999999999999999         -0.7535559902554787
          2.9199999999999999         -0.7533296737508706
          2.9399999999999999         -0.7530973492555102
          2.9600000000000000         -0.7528591902968477
          2.9800000000000000         -0.7526153635264572
          3.0400000000000000         -0.7518514480322196
          3.0600000000000001         -0.7515864926476372
          3.0800000000000001         -0.7513166128950683
          3.1000000000000001         -0.7510419418501135
          3.1050000000000000         -0.7509725406115219
          3.1150000000000002         -0.7508328717790427
          3.1200000000000001         -0.7507626080699474
          3.1299999999999999         -0.7506212316577605
          3.2000000000000002         -0.7496010725366866
          3.2400000000000002         -0.7489953790807053
          3.2500000000000000         -0.7488415049268478
          3.2599999999999998         -0.7486866759795681
          3.2700000000000000         -0.7485309047007461
          3.2799999999999998         -0.7483742033649461
          3.2900000000000000         -0.7482165840833765
          3.2999999999999998         -0.7480580588123482
          3.3999999999999999         -0.7464254971325202
          3.5000000000000000         -0.7447144152591137
          3.7000000000000002         -0.7410948910598036
          3.7999999999999998         -0.7392032593914513
          3.8999999999999999         -0.7372670369608656
          4.3799999999999999         -0.7275502749688715
          4.5000000000000000         -0.7250567320825907
          4.5199999999999996         -0.7246399786804039
          4.5300000000000002         -0.7244315077265620
          4.5400000000000000         -0.7242229791456358
          4.5499999999999998         -0.7240143967988831
          4.5599999999999996         -0.7238057645273122
          4.5800000000000001         -0.7233883653633624
          4.5999999999999996         -0.7229708116443856
          4.6200000000000001         -0.7225531328449153
          4.6399999999999997         -0.7221353579246214
          4.6600000000000001         -0.7217175153406038
          4.6799999999999997         -0.7212996330377518
          4.7000000000000002         -0.7208817384730241
          4.7199999999999998         -0.7204638586123638
          4.7400000000000002         -0.7200460199487547
          4.7599999999999998         -0.7196282484913127
          4.7800000000000002         -0.7192105697856972
          4.7900000000000000         -0.7190017730721593
          4.7999999999999998         -0.7187930089186995
          4.8099999999999996         -0.7185842803932037
          4.8200000000000003         -0.7183755905237479
          4.8399999999999999         -0.7179583387867536
          4.8600000000000003         -0.7175412774473755
          4.8700000000000001         -0.7173328254777636
          4.8799999999999999         -0.7171244298164950
          4.8899999999999997         -0.7169160933118408
          4.9000000000000004         -0.7167078187784808
          4.9199999999999999         -0.7162914667932710
          4.9400000000000004         -0.7158753958998808
          4.9600000000000000         -0.7154596277472725
          4.9800000000000004         -0.7150441835550531
          5.0000000000000000         -0.7146290841634115
          5.0099999999999998         -0.7144216701706447
          5.0199999999999996         -0.7142143500120801
          5.0300000000000002         -0.7140071261873079
          5.0400000000000000         -0.7138000011623185
          5.0599999999999996         -0.7133860572837232
          5.0700000000000003         -0.7131792432573454
          5.0800000000000001         -0.7129725376855564
          5.0899999999999999         -0.7127659429200290
          5.0999999999999996         -0.7125594612932507
          5.2000000000000002         -0.7105013648204632
          5.2999999999999998         -0.7084569844861779
          5.4000000000000004         -0.7064283000235712
          5.5000000000000000         -0.7044170943290506
          5.6399999999999997         -0.7016337792034776
          5.6500000000000004         -0.7014365053902212
          5.6600000000000001         -0.7012394431951806
          5.6699999999999999         -0.7010425938694513
          5.6799999999999997         -0.7008459586415614
          5.6900000000000004         -0.7006495387320946
          5.7000000000000002         -0.7004533353460226
          5.7999999999999998         -0.6985034634871089
          5.8200000000000003         -0.6981161998000109
          5.8399999999999999         -0.6977298591614362
          5.8499999999999996         -0.6975370374584167
          5.8600000000000003         -0.6973444494580757
          5.8700000000000001         -0.6971520961136666
          5.8799999999999999         -0.6969599783619471
          5.9000000000000004         -0.6965764533105969
          5.9199999999999999         -0.6961938815413884
          5.9400000000000004         -0.6958122700665580
          5.9600000000000000         -0.6954316256915413
          5.9800000000000004         -0.6950519550183846
          6.0000000000000000         -0.6946732644428554
          6.0099999999999998         -0.6944842886372005
          6.0199999999999996         -0.6942955601658363
          6.0300000000000002         -0.6941070797712300
          6.0400000000000000         -0.6939188481874463
          6.0599999999999996         -0.6935431343236098
          6.0800000000000001         -0.6931684241959830
          6.0999999999999996         -0.6927947232456415
          6.1100000000000003         -0.6926082528624398
          6.1200000000000001         -0.6924220367300412
          6.1299999999999999         -0.6922360754814585
          6.1399999999999997         -0.6920503697338729
          6.1500000000000004         -0.6918649200959388
          6.1600000000000001         -0.6916797271624430
          6.1799999999999997         -0.6913101137628328
          6.2000000000000002         -0.6909415341002524
          6.2999999999999998         -0.6891142907489968
          6.3200000000000003         -0.6887520006924047
          6.3399999999999999         -0.6883907720270683
          6.3600000000000003         -0.6880306081182306
          6.3700000000000001         -0.6878509264623146
          6.3799999999999999         -0.6876715121961019
          6.3899999999999997         -0.6874923657080982
          6.4000000000000004         -0.6873134873635585
          6.4199999999999999         -0.6869565365854974
          6.4400000000000004         -0.6866006627080879
          6.4600000000000000         -0.6862458684460901
          6.4800000000000004         -0.6858921563922190
          6.5000000000000000         -0.6855395290363310
          7.0000000000000000         -0.6770815037804299
          7.2000000000000002         -0.6738928830017441
          7.4000000000000004         -0.6708157015718337
          7.5000000000000000         -0.6693187479800216
          7.5999999999999996         -0.6678494250141551
          7.7000000000000002         -0.6664076148126374
          7.7199999999999998         -0.6661225429287022
          7.7400000000000002         -0.6658385652130185
          7.7599999999999998         -0.6655556805417175
          7.7699999999999996         -0.6654146477409467
          7.7800000000000002         -0.6652738877737618
          7.7900000000000000         -0.6651334004907949
          7.7999999999999998         -0.6649931857516633
          7.8200000000000003         -0.6647135733112953
          7.8399999999999999         -0.6644350492672352
          7.8600000000000003         -0.6641576124327641
          7.8700000000000001         -0.6640193013398056
          7.8799999999999999         -0.6638812615997618
          7.8899999999999997         -0.6637434930563594
          7.9000000000000004         -0.6636059955612217
          7.9100000000000001         -0.6634687689579365
          8.0000000000000000         -0.6622458942787626
          8.0999999999999996         -0.6609127270493317
          8.1199999999999992         -0.6606493118772505
          8.1400000000000006         -0.6603869665233961
          8.1600000000000001         -0.6601256897284413
          8.1799999999999997         -0.6598654802366817
          8.1999999999999993         -0.6596063367943704
          8.2100000000000009         -0.6594771644532783
          8.2200000000000006         -0.6593482581543230
          8.2300000000000004         -0.6592196177440237
          8.2400000000000002         -0.6590912430669451
          8.2599999999999998         -0.6588352902975528
          8.2799999999999994         -0.6585803986086437
          8.3000000000000007         -0.6583265667720374
          8.4000000000000004         -0.6570732630335527
          8.5000000000000000         -0.6558462767903815
          8.5199999999999996         -0.6556040250439894
          8.5399999999999991         -0.6553628192255112
          8.5500000000000007         -0.6552426082011531
          8.5600000000000005         -0.6551226582581883
          8.5700000000000003         -0.6550029692620223
          8.5800000000000001         -0.6548835410866445
          8.5999999999999996         -0.6546454666728223
          8.6199999999999992         -0.6544084339931767
          8.6400000000000006         -0.6541724420500283
          8.6600000000000001         -0.6539374898568101
          8.6799999999999997         -0.6537035764509451
          8.6999999999999993         -0.6534707008879633
          8.8000000000000007         -0.6523218592361705
          9.0000000000000000         -0.6501015366231275
          9.0099999999999998         -0.6499932186738762
          9.0199999999999996         -0.6498851571553184
          9.0299999999999994         -0.6497773520004243
          9.0999999999999996         -0.6490298892368169
          9.1999999999999993         -0.6479838359114116
          9.2200000000000006         -0.6477776928464934
          9.2400000000000002         -0.6475725717526386
          9.2599999999999998         -0.6473684724486426
          9.2799999999999994         -0.6471653947867476
          9.2899999999999991         -0.6470642390354154
          9.3000000000000007         -0.6469633386542636
          9.3100000000000005         -0.6468626936319284
          9.3200000000000003         -0.6467623039648431
          9.3399999999999999         -0.6465622906737826
          9.3599999999999994         -0.6463632987553085
          9.3800000000000008         -0.6461653282256343
          9.4000000000000004         -0.6459683791326494
          9.4100000000000001         -0.6458702876474213
          9.4199999999999999         -0.6457724515511400
          9.4299999999999997         -0.6456748708614702
          9.4399999999999995         -0.6455775455932525
          9.4600000000000009         -0.6453836613981990
          9.4800000000000004         -0.6451907991452190
          9.5000000000000000         -0.6449989590337134
          9.8000000000000007         -0.6422442490465466
          9.9000000000000004         -0.6413773938973535
         10.0000000000000000         -0.6405363700103558
         10.1000000000000000         -0.6397212816711521
         10.1999999999999990         -0.6389322419273725
         10.2200000000000010         -0.6387775701295725
         10.2400000000000000         -0.6386239459288944
         10.2600000000000000         -0.6384713702683663
         10.2700000000000000         -0.6383954759344311
         10.2799999999999990         -0.6383198440900443
         10.2899999999999990         -0.6382444748504434
         10.3000000000000010         -0.6381693683311349
         10.3200000000000000         -0.6380199439203229
         10.3400000000000000         -0.6378715717721610
         10.3599999999999990         -0.6377242527917818
         10.3800000000000010         -0.6375779878718291
         10.4000000000000000         -0.6374327778871403
         10.5000000000000000         -0.6367225812042770
         10.6000000000000000         -0.6360388758709369
         10.6999999999999990         -0.6353817391530996
         10.8000000000000010         -0.6347512200655787
         10.9000000000000000         -0.6341473310676594
         11.0000000000000000         -0.6335700395575298
         11.0900000000000000         -0.6330731481511225
         11.1000000000000000         -0.6330192594676647
         11.1099999999999990         -0.6329656344818728
         11.1199999999999990         -0.6329122730082655
         11.1300000000000010         -0.6328591748566449
         11.1400000000000010         -0.6328063398289620
         11.1600000000000000         -0.6327014583229748
         11.1800000000000000         -0.6325976267684376
         11.1900000000000000         -0.6325461041512653
         11.1999999999999990         -0.6324948433244338
         11.2100000000000010         -0.6324438440373975
         11.2200000000000010         -0.6323931060368018
         11.2400000000000000         -0.6322924128304928
         11.2600000000000000         -0.6321927615046090
         11.2799999999999990         -0.6320941497424789
         11.3000000000000010         -0.6319965750979161
         11.4000000000000000         -0.6315241642562326
         11.5000000000000000         -0.6310772413599131
         11.6000000000000000         -0.6306553555164163
         11.6199999999999990         -0.6305739373362889
         11.6400000000000010         -0.6304934949275781
         11.6500000000000000         -0.6304536381504134
         11.6600000000000000         -0.6304140235122846
         11.6700000000000000         -0.6303746503978568
         11.6800000000000000         -0.6303355181818031
         11.6999999999999990         -0.6302579739009987
         11.7200000000000010         -0.6301813855131171
         11.7400000000000000         -0.6301057477378150
         11.7600000000000000         -0.6300310551745653
         11.7799999999999990         -0.6299573023028741
         11.8000000000000010         -0.6298844834841539
         11.9000000000000000         -0.6295341949500043
         12.0000000000000000         -0.6292063486689307
         12.1000000000000000         -0.6289001225004787
         12.1999999999999990         -0.6286146410505912
         12.3000000000000010         -0.6283489860065143
         12.4000000000000000         -0.6281022070757055
         12.5000000000000000         -0.6278733331012913
         13.0000000000000000         -0.6269633970494872
         13.5000000000000000         -0.6263600357754290
         14.0000000000000000         -0.6259661868541335
         14.1000000000000000         -0.6259058344298754
         14.1999999999999990         -0.6258504741640677
         14.3000000000000010         -0.6257996858631591
         14.4000000000000000         -0.6257530814621584
         14.5000000000000000         -0.6257103030304514
         14.6000000000000000         -0.6256710208283145
         14.6999999999999990         -0.6256349314266499
         14.8000000000000010         -0.6256017559174361
         14.9000000000000000         -0.6255712382146648
         15.0000000000000000         -0.6255431434534341
         15.1000000000000000         -0.6255172564766405
         15.1199999999999990         -0.6255123263845955
         15.1400000000000010         -0.6255074751833424
         15.1600000000000000         -0.6255027014101472
         15.1800000000000000         -0.6254980036254252
         15.1999999999999990         -0.6254933804173662
         15.2200000000000010         -0.6254888303993098
         15.2300000000000000         -0.6254865824102113
         15.2400000000000000         -0.6254843522097745
         15.2500000000000000         -0.6254821396320622
         15.2600000000000000         -0.6254799445118970
         15.2799999999999990         -0.6254756059922029
         15.3000000000000010         -0.6254713353635067
         15.4000000000000000         -0.6254509570998356
         15.5000000000000000         -0.6254320959253525
         15.6000000000000000         -0.6254146155358787
         15.6999999999999990         -0.6253983919712158
         15.7200000000000010         -0.6253952879787441
         15.7400000000000000         -0.6253922288723703
         15.7600000000000000         -0.6253892138195507
         15.7799999999999990         -0.6253862420036906
         15.8000000000000010         -0.6253833126237727
         15.8100000000000000         -0.6253818636013498
         15.8200000000000000         -0.6253804248944569
         15.8300000000000000         -0.6253789964074705
         15.8400000000000000         -0.6253775780455620
         15.8599999999999990         -0.6253747713223311
         15.8800000000000010         -0.6253720039838028
         15.9000000000000000         -0.6253692753045555
         16.0000000000000000         -0.6253561873640190
         16.1000000000000010         -0.6253439648712379
         16.1999999999999990         -0.6253325318435595
         16.3000000000000010         -0.6253218195318669
         16.3999999999999990         -0.6253117657551615
         16.5000000000000000         -0.6253023142892393
         16.6000000000000010         -0.6252934142981752
         16.6999999999999990         -0.6252850198179692
         16.8000000000000010         -0.6252770892817819
         16.8999999999999990         -0.6252695850868754
         17.0000000000000000         -0.6252624732027033
         17.5000000000000000         -0.6252318152827018
         18.0000000000000000         -0.6252073790472946
         18.5000000000000000         -0.6251873182613010
         19.0000000000000000         -0.6251704499522621
         19.5000000000000000         -0.6251559931092813
         20.0000000000000000         -0.6251434161157131
         20.5000000000000000         -0.6251323456033451
         21.0000000000000000         -0.6251225107984464
         21.5000000000000000         -0.6251137091136283
         22.0000000000000000         -0.6251057847387547
         22.5000000000000000         -0.6250986150774041
         23.0000000000000000         -0.6250921017775557
         23.5000000000000000         -0.6250861644817082
         24.0000000000000000         -0.6250807363424465
         24.5000000000000000         -0.6250757608295276
         25.0000000000000000         -0.6250711895132842
         25.5000000000000000         -0.6250669805407297
         26.0000000000000000         -0.6250630975396667
         26.5000000000000000         -0.6250595087606658
         27.0000000000000000         -0.6250561863488948
         27.5000000000000000         -0.6250531057181115
         28.0000000000000000         -0.6250502450309580
         28.5000000000000000         -0.6250475847917916
         29.0000000000000000         -0.6250451075407690
         29.5000000000000000         -0.6250427976208988
         30.0000000000000000         -0.6250406409874228
         31.0000000000000000         -0.6250367384153150
         32.0000000000000000         -0.6250333132433079
         32.1000000000000010         -0.6250329941373232
         32.2000000000000030         -0.6250326790225231
         32.2999999999999970         -0.6250323678361618
         32.3999999999999990         -0.6250320605171646
         32.5000000000000000         -0.6250317570052404
         32.6000000000000010         -0.6250314572413826
         32.7000000000000030         -0.6250311611674696
         32.7999999999999970         -0.6250308687265352
         32.8999999999999990         -0.6250305798627716
         33.0000000000000000         -0.6250302945211329
         33.1000000000000010         -0.6250300126475885
         33.2000000000000030         -0.6250297341893881
         33.2999999999999970         -0.6250294590943214
         33.3999999999999990         -0.6250291873113503
         33.5000000000000000         -0.6250289187904645
         33.6000000000000010         -0.6250286534819990
         33.6199999999999970         -0.6250286008016613
         33.6400000000000010         -0.6250285482473598
         33.6599999999999970         -0.6250284958189554
         33.6800000000000000         -0.6250284435158900
         33.7000000000000030         -0.6250283913380114
         33.7199999999999990         -0.6250283392846745
         33.7299999999999970         -0.6250283133047863
         33.7400000000000020         -0.6250282873557896
         33.7500000000000000         -0.6250282614377731
         33.7599999999999980         -0.6250282355506812
         33.7800000000000010         -0.6250281838691398
         33.7999999999999970         -0.6250281323108237
         33.8999999999999990         -0.6250278763538881
         34.0000000000000000         -0.6250276234213068
         34.1000000000000010         -0.6250273734681268
         34.2000000000000030         -0.6250271264501890
         34.2999999999999970         -0.6250268823242388
         34.3999999999999990         -0.6250266410475900
         34.5000000000000000         -0.6250264025785184
         34.6000000000000010         -0.6250261668758704
         34.7000000000000030         -0.6250259338995324
         34.7999999999999970         -0.6250257036097406
         34.8999999999999990         -0.6250254759676156
         35.0000000000000000         -0.6250252509350366
         36.0000000000000000         -0.6250231362031298
         37.0000000000000000         -0.6250212450564054
         38.0000000000000000         -0.6250195487102594
         45.0000000000000000         -0.6250114584919736
         50.0000000000000000         -0.6250081451644400
         55.0000000000000000         -0.6250059300313222
         60.0000000000000000         -0.6250043927671819
         70.0000000000000000         -0.6250024853174043
         80.0000000000000000         -0.6250014154435687
         90.0000000000000000         -0.6250007696843809
        100.0000000000000000         -0.6250003569433226
        200.0000000000000000         -0.6249998698526334
        300.0000000000000000         -0.6249998698505047
        400.0000000000000000         -0.6249998698502163
        500.0000000000000000         -0.6249998698502613
       1000.0000000000000000         -0.6249998698501356
B'
          0.8000000000000000         -0.3606477208044794
          1.0000000000000000         -0.5086101591929397
          1.1000000000000001         -0.5536323985734920
          1.2000000000000000         -0.5866387092473128
          1.3000000000000000         -0.6108959573922395
          1.3899999999999999         -0.6271406133936103
          1.3999999999999999         -0.6286775318999674
          1.4099999999999999         -0.6301662421265918
          1.6000000000000001         -0.6508465655801718
          1.7000000000000000         -0.6572779894714543
          1.8000000000000000         -0.6615470677072033
          1.8500000000000001         -0.6630296913792152
          1.8600000000000001         -0.6632808671556776
          1.8700000000000001         -0.6635178115155096
          1.8799999999999999         -0.6637408843088259
          1.8899999999999999         -0.6639504362031362
          1.8999999999999999         -0.6641468089351413
          1.9099999999999999         -0.6643303355832350
          1.9199999999999999         -0.6645013408073460
          1.9299999999999999         -0.6646601410978921
          1.9399999999999999         -0.6648070450056146
          1.9500000000000000         -0.6649423533659403
          1.9600000000000000         -0.6650663595290330
          1.9700000000000000         -0.6651793495581557
          1.9800000000000000         -0.6652816024455667
          1.9900000000000000         -0.6653733903075523
          2.0000000000000000         -0.6654549785792545
          2.0099999999999998         -0.6655266262009824
          2.0200000000000000         -0.6655885857982891
          2.0299999999999998         -0.6656411038636236
          2.0400000000000000         -0.6656844209178781
          2.0499999999999998         -0.6657187716843005
          2.0600000000000001         -0.6657443852416749
          2.0699999999999998         -0.6657614851824817
          2.0800000000000001         -0.6657702897681607
          2.0899999999999999         -0.6657710120659457
          2.1000000000000001         -0.6657638600992878
          2.2000000000000002         -0.6653016753263139
          2.3999999999999999         -0.6627464507461625
          2.4100000000000001         -0.6625762391153688
          2.4199999999999999         -0.6624028107024755
          2.4300000000000002         -0.6622262648310455
          2.4399999999999999         -0.6620466987902702
          2.6000000000000001         -0.6588351420103071
          2.7000000000000002         -0.6565948477206190
          2.7400000000000002         -0.6556672243099098
          2.7500000000000000         -0.6554332271074476
          2.7599999999999998         -0.6551985008727887
          2.7999999999999998         -0.6542533354121112
          2.8399999999999999         -0.6533005227170574
          2.8599999999999999         -0.6528221916816447
          2.8799999999999999         -0.6523430561154090
          2.8900000000000001         -0.6521032947540224
          2.8999999999999999         -0.6518634606230884
          2.9199999999999999         -0.6513837388996717
          2.9399999999999999         -0.6509042141577566
          2.9600000000000000         -0.6504251995224285
          2.9800000000000000         -0.6499469984112280
          3.0400000000000000         -0.6485201718063585
          3.0600000000000001         -0.6480480763058492
          3.0800000000000001         -0.6475781769680254
          3.1000000000000001         -0.6471107253306874
          3.1050000000000000         -0.6469942736062292
          3.1150000000000002         -0.6467618898152168
          3.1200000000000001         -0.6466459651269070
          3.1299999999999999         -0.6464146683913945
          3.2000000000000002         -0.6448184497795730
          3.2400000000000002         -0.6439266313230192
          3.2500000000000000         -0.6437062365263391
          3.2599999999999998         -0.6434869132854181
          3.2700000000000000         -0.6432686846640389
          3.2799999999999998         -0.6430515732974638
          3.2900000000000000         -0.6428356013967957
          3.2999999999999998         -0.6426207907470081
          3.3999999999999999         -0.6405410422167475
          3.5000000000000000         -0.6385982252729626
          3.7000000000000002         -0.6351778309059206
          3.7999999999999998         -0.6337163007471585
          3.8999999999999999         -0.6324236771299594
          4.3799999999999999         -0.6283646804613195
          4.5000000000000000         -0.6278037290535480
          4.5199999999999996         -0.6277236808291152
          4.5300000000000002         -0.6276849859972961
          4.5400000000000000         -0.6276471579724165
          4.5499999999999998         -0.6276101823298523
          4.5599999999999996         -0.6275740447370382
          4.5800000000000001         -0.6275042268677151
          4.5999999999999996         -0.6274375917249837
          4.6200000000000001         -0.6273740284122225
          4.6399999999999997         -0.6273134278848570
          4.6600000000000001         -0.6272556830510231
          4.6799999999999997         -0.6272006888572413
          4.7000000000000002         -0.6271483423698775
          4.7199999999999998         -0.6270985428378941
          4.7400000000000002         -0.6270511917555518
          4.7599999999999998         -0.6270061929061984
          4.7800000000000002         -0.6269634524026362
          4.7900000000000000         -0.6269429003374892
          4.7999999999999998         -0.6269228787228541
          4.8099999999999996         -0.6269033764909901
          4.8200000000000003         -0.6268843827239015
          4.8399999999999999         -0.6268478776649032
          4.8600000000000003         -0.6268132792137255
          4.8700000000000001         -0.6267966692699847
          4.8799999999999999         -0.6267805054455585
          4.8899999999999997         -0.6267647778751786
          4.9000000000000004         -0.6267494768444772
          4.9199999999999999         -0.6267201162883519
          4.9400000000000004         -0.6266923490381847
          4.9600000000000000         -0.6266661027176905
          4.9800000000000004         -0.6266413072871354
          5.0000000000000000         -0.6266178950210171
          5.0099999999999998         -0.6266066870339779
          5.0199999999999996         -0.6265958004717641
          5.0300000000000002         -0.6265852275033120
          5.0400000000000000         -0.6265749604378208
          5.0599999999999996         -0.6265553139293323
          5.0700000000000003         -0.6265459197811457
          5.0800000000000001         -0.6265368021243015
          5.0899999999999999         -0.6265279539370303
          5.0999999999999996         -0.6265193683299988
          5.2000000000000002         -0.6264465287661050
          5.2999999999999998         -0.6263932807106416
          5.4000000000000004         -0.6263546546428507
          5.5000000000000000         -0.6263266553281699
          5.6399999999999997         -0.6262994124416474
          5.6500000000000004         -0.6262978446842336
          5.6600000000000001         -0.6262963161654722
          5.6699999999999999         -0.6262948250199918
          5.6799999999999997         -0.6262933694319686
          5.6900000000000004         -0.6262919476337817
          5.7000000000000002         -0.6262905579086767
          5.7999999999999998         -0.6262780791203643
          5.8200000000000003         -0.6262758189618320
          5.8399999999999999         -0.6262736136038582
          5.8499999999999996         -0.6262725286460185
          5.8600000000000003         -0.6262714540612481
          5.8700000000000001         -0.6262703888120291
          5.8799999999999999         -0.6262693318921371
          5.9000000000000004         -0.6262672391775050
          5.9199999999999999         -0.6262651684969565
          5.9400000000000004         -0.6262631129041705
          5.9600000000000000         -0.6262610659087645
          5.9800000000000004         -0.6262590214539697
          6.0000000000000000         -0.6262569738939460
          6.0099999999999998         -0.6262559472946225
          6.0199999999999996         -0.6262549179800980
          6.0300000000000002         -0.6262538853525561
          6.0400000000000000         -0.6262528488369588
          6.0599999999999996         -0.6262507619473503
          6.0800000000000001         -0.6262486531354321
          6.0999999999999996         -0.6262465185482187
          6.1100000000000003         -0.6262454404697306
          6.1200000000000001         -0.6262443546414599
          6.1299999999999999         -0.6262432606665529
          6.1399999999999997         -0.6262421581644224
          6.1500000000000004         -0.6262410467726531
          6.1600000000000001         -0.6262399261443622
          6.1799999999999997         -0.6262376558722718
          6.2000000000000002         -0.6262353448919179
          6.2999999999999998         -0.6262231093469904
          6.3200000000000003         -0.6262205150118199
          6.3399999999999999         -0.6262178687793586
          6.3600000000000003         -0.6262151697788114
          6.3700000000000001         -0.6262138002605570
          6.3799999999999999         -0.6262124172926581
          6.3899999999999997         -0.6262110208077245
          6.4000000000000004         -0.6262096107472273
          6.4199999999999999         -0.6262067497045163
          6.4400000000000004         -0.6262038338541099
          6.4600000000000000         -0.6262008630060443
          6.4800000000000004         -0.6261978370817827
          6.5000000000000000         -0.6261947561095885
          7.0000000000000000         -0.6261014201147272
          7.2000000000000002         -0.6260572408988994
          7.4000000000000004         -0.6260107924779685
          7.5000000000000000         -0.6259870481882208
          7.5999999999999996         -0.6259631171527762
          7.7000000000000002         -0.6259391070158633
          7.7199999999999998         -0.6259343042377306
          7.7400000000000002         -0.6259295029458238
          7.7599999999999998         -0.6259247038512665
          7.7699999999999996         -0.6259223053456696
          7.7800000000000002         -0.6259199076480939
          7.7900000000000000         -0.6259175108431452
          7.7999999999999998         -0.6259151150139832
          7.8200000000000003         -0.6259103266103987
          7.8399999999999999         -0.6259055430820845
          7.8600000000000003         -0.6259007650574967
          7.8700000000000001         -0.6258983783010751
          7.8799999999999999         -0.6258959931489732
          7.8899999999999997         -0.6258936096756579
          7.9000000000000004         -0.6258912279532478
          7.9100000000000001         -0.6258888480546415
          8.0000000000000000         -0.6258675224460091
          8.0999999999999996         -0.6258440653336167
          8.1199999999999992         -0.6258394089438868
          8.1400000000000006         -0.6258347652409222
          8.1600000000000001         -0.6258301346290347
          8.1799999999999997         -0.6258255174995451
          8.1999999999999993         -0.6258209142317722
          8.2100000000000009         -0.6258186179103408
          8.2200000000000006         -0.6258163251902018
          8.2300000000000004         -0.6258140361149356
          8.2400000000000002         -0.6258117507279215
          8.2599999999999998         -0.6258071911855513
          8.2799999999999994         -0.6258026468909580
          8.3000000000000007         -0.6257981181601264
          8.4000000000000004         -0.6257757182117545
          8.5000000000000000         -0.6257537482422268
          8.5199999999999996         -0.6257494083561862
          8.5399999999999991         -0.6257450869688618
          8.5500000000000007         -0.6257429332684523
          8.5600000000000005         -0.6257407842598742
          8.5700000000000003         -0.6257386399634743
          8.5800000000000001         -0.6257365004004141
          8.5999999999999996         -0.6257322355517629
          8.6199999999999992         -0.6257279898674560
          8.6400000000000006         -0.6257237634926118
          8.6600000000000001         -0.6257195565635180
          8.6799999999999997         -0.6257153692088366
          8.6999999999999993         -0.6257112015495966
          8.8000000000000007         -0.6256906623897206
          9.0000000000000000         -0.6256511104801170
          9.0099999999999998         -0.6256491870018999
          9.0199999999999996         -0.6256472687036799
          9.0299999999999994         -0.6256453555871250
          9.0999999999999996         -0.6256321089361823
          9.1999999999999993         -0.6256136256308152
          9.2200000000000006         -0.6256099910257195
          9.2400000000000002         -0.6256063770501161
          9.2599999999999998         -0.6256027836724343
          9.2799999999999994         -0.6255992108587690
          9.2899999999999991         -0.6255974321511718
          9.3000000000000007         -0.6255956585700225
          9.3100000000000005         -0.6255938901099913
          9.3200000000000003         -0.6255921267654700
          9.3399999999999999         -0.6255886154009658
          9.3599999999999994         -0.6255851244288926
          9.3800000000000008         -0.6255816537984302
          9.4000000000000004         -0.6255782034569248
          9.4100000000000001         -0.6255764858771878
          9.4199999999999999         -0.6255747733487644
          9.4299999999999997         -0.6255730658634820
          9.4399999999999995         -0.6255713634146310
          9.4600000000000009         -0.6255679735938114
          9.4800000000000004         -0.6255646038229097
          9.5000000000000000         -0.6255612540358712
          9.8000000000000007         -0.6255133541572996
          9.9000000000000004         -0.6254983357485904
         10.0000000000000000         -0.6254837718985738
         10.1000000000000000         -0.6254696498887631
         10.1999999999999990         -0.6254559565466170
         10.2200000000000010         -0.6254532681344526
         10.2400000000000000         -0.6254505962202132
         10.2600000000000000         -0.6254479406943668
         10.2700000000000000         -0.6254466190428272
         10.2799999999999990         -0.6254453014467781
         10.2899999999999990         -0.6254439878931017
         10.3000000000000010         -0.6254426783676628
         10.3200000000000000         -0.6254400713460440
         10.3400000000000000         -0.6254374802716346
         10.3599999999999990         -0.6254349050339809
         10.3800000000000010         -0.6254323455215812
         10.4000000000000000         -0.6254298016235904
         10.5000000000000000         -0.6254173124573087
         10.6000000000000000         -0.6254051969645960
         10.6999999999999990         -0.6253934412682247
         10.8000000000000010         -0.6253820315783662
         10.9000000000000000         -0.6253709542477169
         11.0000000000000000         -0.6253601958162402
         11.0900000000000000         -0.6253507749422482
         11.1000000000000000         -0.6253497430478485
         11.1099999999999990         -0.6253487140806426
         11.1199999999999990         -0.6253476880268588
         11.1300000000000010         -0.6253466648739766
         11.1400000000000010         -0.6253456446094957
         11.1600000000000000         -0.6253436126937464
         11.1800000000000000         -0.6253415921784303
         11.1900000000000000         -0.6253405861640419
         11.1999999999999990         -0.6253395829618226
         11.2100000000000010         -0.6253385825592029
         11.2200000000000010         -0.6253375849436641
         11.2400000000000000         -0.6253355980234195
         11.2600000000000000         -0.6253336221016106
         11.2799999999999990         -0.6253316570784440
         11.3000000000000010         -0.6253297028561404
         11.4000000000000000         -0.6253200903288996
         11.5000000000000000         -0.6253107332927894
         11.6000000000000000         -0.6253016199888028
         11.6199999999999990         -0.6252998255648384
         11.6400000000000010         -0.6252980403425591
         11.6500000000000000         -0.6252971511539831
         11.6600000000000000         -0.6252962642325779
         11.6700000000000000         -0.6252953795672079
         11.6800000000000000         -0.6252944971467485
         11.6999999999999990         -0.6252927389969352
         11.7200000000000010         -0.6252909896953140
         11.7400000000000000         -0.6252892491553919
         11.7600000000000000         -0.6252875172905989
         11.7799999999999990         -0.6252857940155566
         11.8000000000000010         -0.6252840792448080
         11.9000000000000000         -0.6252756300173266
         12.0000000000000000         -0.6252673809660806
         12.1000000000000000         -0.6252593221189480
         12.1999999999999990         -0.6252514438900741
         12.3000000000000010         -0.6252437370950389
         12.4000000000000000         -0.6252361929636292
         12.5000000000000000         -0.6252288031579080
         13.0000000000000000         -0.6251939102281552
         13.5000000000000000         -0.6251619165708009
         14.0000000000000000         -0.6251324327990343
         14.1000000000000000         -0.6251268363207911
         14.1999999999999990         -0.6251213452524363
         14.3000000000000010         -0.6251159632855035
         14.4000000000000000         -0.6251106946806345
         14.5000000000000000         -0.6251055441579585
         14.6000000000000000         -0.6251005167700818
         14.6999999999999990         -0.6250956177582284
         14.8000000000000010         -0.6250908524002631
         14.9000000000000000         -0.6250862258556062
         15.0000000000000000         -0.6250817430108127
         15.1000000000000000         -0.6250774083343086
         15.1199999999999990         -0.6250765595351869
         15.1400000000000010         -0.6250757168496824
         15.1600000000000000         -0.6250748803060107
         15.1800000000000000         -0.6250740499295541
         15.1999999999999990         -0.6250732257459122
         15.2200000000000010         -0.6250724077784692
         15.2300000000000000         -0.6250720011329004
         15.2400000000000000         -0.6250715960500556
         15.2500000000000000         -0.6250711925322774
         15.2600000000000000         -0.6250707905820091
         15.2799999999999990         -0.6250699913945534
         15.3000000000000010         -0.6250691985066802
         15.4000000000000000         -0.6250653291306323
         15.5000000000000000         -0.6250616193238174
         15.6000000000000000         -0.6250580699483917
         15.6999999999999990         -0.6250546810146759
         15.7200000000000010         -0.6250540224225487
         15.7400000000000000         -0.6250533702066737
         15.7600000000000000         -0.6250527243558579
         15.7799999999999990         -0.6250520848563290
         15.8000000000000010         -0.6250514516945596
         15.8100000000000000         -0.6250511374851657
         15.8200000000000000         -0.6250508248542378
         15.8300000000000000         -0.6250505137995472
         15.8400000000000000         -0.6250502043188185
         15.8599999999999990         -0.6250495900708034
         15.8800000000000010         -0.6250489820904706
         15.9000000000000000         -0.6250483803581685
         16.0000000000000000         -0.6250454646269363
         16.1000000000000010         -0.6250427014406226
         16.1999999999999990         -0.6250400871328962
         16.3000000000000010         -0.6250376175143718
         16.3999999999999990         -0.6250352879563326
         16.5000000000000000         -0.6250330934763588
         16.6000000000000010         -0.6250310288170853
         16.6999999999999990         -0.6250290885247625
         16.8000000000000010         -0.6250272670193467
         16.8999999999999990         -0.6250255586577421
         17.0000000000000000         -0.6250239577904354
         17.5000000000000000         -0.6250173732797611
         18.0000000000000000         -0.6250126918373718
         18.5000000000000000         -0.6250093802904358
         19.0000000000000000         -0.6250070339939269
         19.5000000000000000         -0.6250053602404622
         20.0000000000000000         -0.6250041532727743
         20.5000000000000000         -0.6250032708034610
         21.0000000000000000         -0.6250026152454800
         21.5000000000000000         -0.6250021198343314
         22.0000000000000000         -0.6250017388111830
         22.5000000000000000         -0.6250014406543135
         23.0000000000000000         -0.6250012034793382
         23.5000000000000000         -0.6250010119394924
         24.0000000000000000         -0.6250008551408367
         24.5000000000000000         -0.6250007252401971
         25.0000000000000000         -0.6250006165007904
         25.5000000000000000         -0.6250005246569543
         26.0000000000000000         -0.6250004464831171
         26.5000000000000000         -0.6250003795018776
         27.0000000000000000         -0.6250003217811033
         27.5000000000000000         -0.6250002717924782
         28.0000000000000000         -0.6250002283106147
         28.5000000000000000         -0.6250001903410523
         29.0000000000000000         -0.6250001570681635
         29.5000000000000000         -0.6250001278164083
         30.0000000000000000         -0.6250001020235837
         31.0000000000000000         -0.6250000590032279
         32.0000000000000000         -0.6250000250525075
         32.1000000000000010         -0.6250000220685511
         32.2000000000000030         -0.6250000191518555
         32.2999999999999970         -0.6250000163003941
         32.3999999999999990         -0.6250000135127352
         32.5000000000000000         -0.6250000107871160
         32.6000000000000010         -0.6250000081220538
         32.7000000000000030         -0.6250000055159419
         32.7999999999999970         -0.6250000029673053
         32.8999999999999990         -0.6250000004747344
         33.0000000000000000         -0.6249999980368143
         33.1000000000000010         -0.6249999956521437
         33.2000000000000030         -0.6249999933194742
         33.2999999999999970         -0.6249999910374813
         33.3999999999999990         -0.6249999888048156
         33.5000000000000000         -0.6249999866204660
         33.6000000000000010         -0.6249999844828572
         33.6199999999999970         -0.6249999840610285
         33.6400000000000010         -0.6249999836408724
         33.6599999999999970         -0.6249999832225209
         33.6800000000000000         -0.6249999828059783
         33.7000000000000030         -0.6249999823913313
         33.7199999999999990         -0.6249999819783461
         33.7299999999999970         -0.6249999817726495
         33.7400000000000020         -0.6249999815673123
         33.7500000000000000         -0.6249999813623528
         33.7599999999999980         -0.6249999811578931
         33.7800000000000010         -0.6249999807502549
         33.7999999999999970         -0.6249999803444340
         33.8999999999999990         -0.6249999783411975
         34.0000000000000000         -0.6249999763805868
         34.1000000000000010         -0.6249999744613852
         34.2000000000000030         -0.6249999725827986
         34.2999999999999970         -0.6249999707437314
         34.3999999999999990         -0.6249999689433183
         34.5000000000000000         -0.6249999671805870
         34.6000000000000010         -0.6249999654545496
         34.7000000000000030         -0.6249999637645061
         34.7999999999999970         -0.6249999621095530
         34.8999999999999990         -0.6249999604887443
         35.0000000000000000         -0.6249999589013381
         36.0000000000000000         -0.6249999447021378
         37.0000000000000000         -0.6249999330969693
         38.0000000000000000         -0.6249999235570514
         45.0000000000000000         -0.6249998890361952
         50.0000000000000000         -0.6249998799801636
         55.0000000000000000         -0.6249998756092545
         60.0000000000000000         -0.6249998733032072
         70.0000000000000000         -0.6249998712699455
         80.0000000000000000         -0.6249998704925726
         90.0000000000000000         -0.6249998701509859
        100.0000000000000000         -0.6249998700020328
        200.0000000000000000         -0.6249993856612418
        300.0000000000000000         -0.6249992880340555
        400.0000000000000000         -0.6249992642700413
        500.0000000000000000         -0.6249992558075496
       1000.0000000000000000         -0.6249992480385852
B"Bbar
          0.8000000000000000         -0.3359831871705350
          1.0000000000000000         -0.4835689833015135
          1.1000000000000001         -0.5283634174188466
          1.2000000000000000         -0.5611147748221378
          1.3000000000000000         -0.5850895761287145
          1.3899999999999999         -0.6010564724313493
          1.3999999999999999         -0.6025611587494676
          1.4099999999999999         -0.6040173645106536
          1.6000000000000001         -0.6240294566190105
          1.7000000000000000         -0.6300721779042809
          1.8000000000000000         -0.6339290057511759
          1.8500000000000001         -0.6351972627623227
          1.8600000000000001         -0.6354049388112866
          1.8700000000000001         -0.6355981796503758
          1.8799999999999999         -0.6357773473067385
          1.8899999999999999         -0.6359427946337207
          1.8999999999999999         -0.6360948655704471
          1.9099999999999999         -0.6362338954042833
          1.9199999999999999         -0.6363602110151524
          1.9299999999999999         -0.6364741311179754
          1.9399999999999999         -0.6365759664942184
          1.9500000000000000         -0.6366660202152142
          1.9600000000000000         -0.6367445878649473
          1.9700000000000000         -0.6368119577445628
          1.9800000000000000         -0.6368684110811161
          1.9900000000000000         -0.6369142222229804
          2.0000000000000000         -0.6369496588333974
          2.0099999999999998         -0.6369749820733325
          2.0200000000000000         -0.6369904467833405
          2.0299999999999998         -0.6369963016578368
          2.0400000000000000         -0.6369927894122898
          2.0499999999999998         -0.6369801469480585
          2.0600000000000001         -0.6369586055106156
          2.0699999999999998         -0.6369283908430300
          2.0800000000000001         -0.6368897233369045
          2.0899999999999999         -0.6368428181731973
          2.1000000000000001         -0.6367878854666978
          2.2000000000000002         -0.6358399053980914
          2.3999999999999999         -0.6322749012685056
          2.4100000000000001         -0.6320530151100218
          2.4199999999999999         -0.6318278064984832
          2.4300000000000002         -0.6315993754179428
          2.4399999999999999         -0.6313678197541075
          2.6000000000000001         -0.6273104724732881
          2.7000000000000002         -0.6245280372293145
          2.7400000000000002         -0.6233804593447758
          2.7500000000000000         -0.6230911822937145
          2.7599999999999998         -0.6228010568681250
          2.7999999999999998         -0.6216330696040666
          2.8399999999999999         -0.6204553917864120
          2.8599999999999999         -0.6198638239562854
          2.8799999999999999         -0.6192708933003489
          2.8900000000000001         -0.6189740195240740
          2.8999999999999999         -0.6186769266824055
          2.9199999999999999         -0.6180822391651151
          2.9399999999999999         -0.6174871344601165
          2.9600000000000000         -0.6168919053467098
          2.9800000000000000         -0.6162968340695618
          3.0400000000000000         -0.6145152391939008
          3.0600000000000001         -0.6139234233105111
          3.0800000000000001         -0.6133330304258223
          3.1000000000000001         -0.6127442864141464
          3.1050000000000000         -0.6125973837078087
          3.1150000000000002         -0.6123039415710576
          3.1200000000000001         -0.6121574086752278
          3.1299999999999999         -0.6118647353277897
          3.2000000000000002         -0.6098326225252757
          3.2400000000000002         -0.6086864870875002
          3.2500000000000000         -0.6084018809643343
          3.2599999999999998         -0.6081180858983712
          3.2700000000000000         -0.6078351210635381
          3.2799999999999998         -0.6075530051759006
          3.2900000000000000         -0.6072717564948000
          3.2999999999999998         -0.6069913928242661
          3.3999999999999999         -0.6042400249917195
          3.5000000000000000         -0.6015933890368940
          3.7000000000000002         -0.5966512615089810
          3.7999999999999998         -0.5943631344620264
          3.8999999999999999         -0.5921949661228436
          4.3799999999999999         -0.5832233477976093
          4.5000000000000000         -0.5812781139992910
          4.5199999999999996         -0.5809633357326717
          4.5300000000000002         -0.5808069183324476
          4.5400000000000000         -0.5806511428147818
          4.5499999999999998         -0.5804960049262214
          4.5599999999999996         -0.5803415005714925
          4.5800000000000001         -0.5800343768638945
          4.5999999999999996         -0.5797297420286032
          4.6200000000000001         -0.5794275688142685
          4.6399999999999997         -0.5791278323105423
          4.6600000000000001         -0.5788305098771319
          4.6799999999999997         -0.5785355810660616
          4.7000000000000002         -0.5782430275450482
          4.7199999999999998         -0.5779528330216220
          4.7400000000000002         -0.5776649831651289
          4.7599999999999998         -0.5773794655340710
          4.7800000000000002         -0.5770962695033428
          4.7900000000000000         -0.5769555392482443
          4.7999999999999998         -0.5768153861982849
          4.8099999999999996         -0.5766758095073945
          4.8200000000000003         -0.5765368084319056
          4.8399999999999999         -0.5762605306507469
          4.8600000000000003         -0.5759865488853897
          4.8700000000000001         -0.5758504181922299
          4.8799999999999999         -0.5757148607131529
          4.8899999999999997         -0.5755798763820894
          4.9000000000000004         -0.5754454652270089
          4.9199999999999999         -0.5751783630215680
          4.9400000000000004         -0.5749135561886550
          4.9600000000000000         -0.5746510483311575
          4.9800000000000004         -0.5743908445957410
          5.0000000000000000         -0.5741329517274465
          5.0099999999999998         -0.5740048744323683
          5.0199999999999996         -0.5738773781496291
          5.0300000000000002         -0.5737504642128277
          5.0400000000000000         -0.5736241340766253
          5.0599999999999996         -0.5733732316631623
          5.0700000000000003         -0.5732486629538861
          5.0800000000000001         -0.5731246851973554
          5.0899999999999999         -0.5730013005538230
          5.0999999999999996         -0.5728785113520336
          5.2000000000000002         -0.5716840297107553
          5.2999999999999998         -0.5705536258361206
          5.4000000000000004         -0.5694971501708828
          5.5000000000000000         -0.5685444164321412
          5.6399999999999997         -0.5677026117679748
          5.6500000000000004         -0.5676982276030205
          5.6600000000000001         -0.5677056159992170
          5.6699999999999999         -0.5677249352028414
          5.6799999999999997         -0.5677559490074598
          5.6900000000000004         -0.5677980629649958
          5.7000000000000002         -0.5678504121452961
          5.7999999999999998         -0.5687258858295029
          5.8200000000000003         -0.5689420386973569
          5.8399999999999999         -0.5691646731227107
          5.8499999999999996         -0.5692779418536491
          5.8600000000000003         -0.5693923104752393
          5.8700000000000001         -0.5695076542271630
          5.8799999999999999         -0.5696238650815948
          5.9000000000000004         -0.5698585238726519
          5.9199999999999999         -0.5700956657081999
          5.9400000000000004         -0.5703348068990771
          5.9600000000000000         -0.5705755639665030
          5.9800000000000004         -0.5708176277969302
          6.0000000000000000         -0.5710607454010573
          6.0099999999999998         -0.5711826323647833
          6.0199999999999996         -0.5713047068562558
          6.0300000000000002         -0.5714269478059980
          6.0400000000000000         -0.5715493357840991
          6.0599999999999996         -0.5717944823082228
          6.0800000000000001         -0.5720400177797416
          6.0999999999999996         -0.5722858307492373
          6.1100000000000003         -0.5724088103939962
          6.1200000000000001         -0.5725318238690967
          6.1299999999999999         -0.5726548608132376
          6.1399999999999997         -0.5727779114729334
          6.1500000000000004         -0.5729009666499021
          6.1600000000000001         -0.5730240176600987
          6.1799999999999997         -0.5732700747680255
          6.2000000000000002         -0.5735160221364749
          6.2999999999999998         -0.5747423667349033
          6.3200000000000003         -0.5749866666586518
          6.3399999999999999         -0.5752305621168473
          6.3600000000000003         -0.5754740234260300
          6.3700000000000001         -0.5755955825773683
          6.3799999999999999         -0.5757170229946705
          6.3899999999999997         -0.5758383415205715
          6.4000000000000004         -0.5759595350994746
          6.4199999999999999         -0.5762015356824890
          6.4400000000000004         -0.5764430021865123
          6.4600000000000000         -0.5766839133964616
          6.4800000000000004         -0.5769242493078093
          6.5000000000000000         -0.5771639910136431
          7.0000000000000000         -0.5829230282678211
          7.2000000000000002         -0.5850782501129181
          7.4000000000000004         -0.5871367985853309
          7.5000000000000000         -0.5881279628121607
          7.5999999999999996         -0.5890928982430335
          7.7000000000000002         -0.5900310900975079
          7.7199999999999998         -0.5902154795133225
          7.7400000000000002         -0.5903987783836304
          7.7599999999999998         -0.5905809837070245
          7.7699999999999996         -0.5906716753870213
          7.7800000000000002         -0.5907620926093509
          7.7900000000000000         -0.5908522350308616
          7.7999999999999998         -0.5909421023222636
          7.8200000000000003         -0.5911210102060618
          7.8399999999999999         -0.5912988137274685
          7.8600000000000003         -0.5914755104716686
          7.8700000000000001         -0.5915634430769593
          7.8799999999999999         -0.5916510981323269
          7.8899999999999997         -0.5917384753670712
          7.9000000000000004         -0.5918255745185521
          7.9100000000000001         -0.5919123953277582
          8.0000000000000000         -0.5926812181298591
          8.0999999999999996         -0.5935088119443723
          8.1199999999999992         -0.5936709497104038
          8.1400000000000006         -0.5938319579586742
          8.1600000000000001         -0.5939918357886818
          8.1799999999999997         -0.5941505823889777
          8.1999999999999993         -0.5943081970364604
          8.2100000000000009         -0.5943865796721831
          8.2200000000000006         -0.5944646790863580
          8.2300000000000004         -0.5945424952097763
          8.2400000000000002         -0.5946200279789871
          8.2599999999999998         -0.5947742432342128
          8.2799999999999994         -0.5949273244490528
          8.3000000000000007         -0.5950792712959616
          8.4000000000000004         -0.5958219836970535
          8.5000000000000000         -0.5965363284077757
          8.5199999999999996         -0.5966757955444174
          8.5399999999999991         -0.5968141296456363
          8.5500000000000007         -0.5968828719568580
          8.5600000000000005         -0.5969513311987406
          8.5700000000000003         -0.5970195074366101
          8.5800000000000001         -0.5970874007446871
          8.5999999999999996         -0.5972223388716296
          8.6199999999999992         -0.5973561462161135
          8.6400000000000006         -0.5974888234548217
          8.6600000000000001         -0.5976203713095173
          8.6799999999999997         -0.5977507905400314
          8.6999999999999993         -0.5978800819483615
          8.8000000000000007         -0.5985096521553638
          9.0000000000000000         -0.5996847573604334
          9.0099999999999998         -0.5997405862469218
          9.0199999999999996         -0.5997961375039523
          9.0299999999999994         -0.5998514112805130
          9.0999999999999996         -0.6002305711034830
          9.1999999999999993         -0.6007487598418551
          9.2200000000000006         -0.6008490962570704
          9.2400000000000002         -0.6009483351393003
          9.2599999999999998         -0.6010464777296569
          9.2799999999999994         -0.6011435252696843
          9.2899999999999991         -0.6011916387824218
          9.3000000000000007         -0.6012394789947696
          9.3100000000000005         -0.6012870460599555
          9.3200000000000003         -0.6013343401322337
          9.3399999999999999         -0.6014281099101164
          9.3599999999999994         -0.6015207895383834
          9.3800000000000008         -0.6016123802259912
          9.4000000000000004         -0.6017028831714579
          9.4100000000000001         -0.6017477271128756
          9.4199999999999999         -0.6017922995606986
          9.4299999999999997         -0.6018366006653141
          9.4399999999999995         -0.6018806305712107
          9.4600000000000009         -0.6019678773651610
          9.4800000000000004         -0.6020540410981201
          9.5000000000000000         -0.6021391229056657
          9.8000000000000007         -0.6032862474575712
          9.9000000000000004         -0.6036151723382590
         10.0000000000000000         -0.6039175528822163
         10.1000000000000000         -0.6041934822907690
         10.1999999999999990         -0.6044430458801497
         10.2200000000000010         -0.6044898018146818
         10.2400000000000000         -0.6045355069614633
         10.2600000000000000         -0.6045801619466677
         10.2700000000000000         -0.6046020958240474
         10.2799999999999990         -0.6046237673976658
         10.2899999999999990         -0.6046451767461103
         10.3000000000000010         -0.6046663239470489
         10.3200000000000000         -0.6047078322312881
         10.3400000000000000         -0.6047482928867494
         10.3599999999999990         -0.6047877065622649
         10.3800000000000010         -0.6048260739133843
         10.4000000000000000         -0.6048633956099461
         10.5000000000000000         -0.6050343436379081
         10.6000000000000000         -0.6051792602201915
         10.6999999999999990         -0.6052982536249247
         10.8000000000000010         -0.6053914555369151
         10.9000000000000000         -0.6054590289909750
         11.0000000000000000         -0.6055011765477943
         11.0900000000000000         -0.6055175759323080
         11.1000000000000000         -0.6055181484637930
         11.1099999999999990         -0.6055184722475653
         11.1199999999999990         -0.6055185476187305
         11.1300000000000010         -0.6055183749227142
         11.1400000000000010         -0.6055179545090136
         11.1600000000000000         -0.6055163719736122
         11.1800000000000000         -0.6055138029536994
         11.1900000000000000         -0.6055121494578757
         11.1999999999999990         -0.6055102504933626
         11.2100000000000010         -0.6055081064544182
         11.2200000000000010         -0.6055057177489405
         11.2400000000000000         -0.6055002079874867
         11.2600000000000000         -0.6054937245808469
         11.2799999999999990         -0.6054862710222341
         11.3000000000000010         -0.6054778509126556
         11.4000000000000000         -0.6054213864232785
         11.5000000000000000         -0.6053413665267251
         11.6000000000000000         -0.6052383760892937
         11.6199999999999990         -0.6052150783584322
         11.6400000000000010         -0.6051908936414349
         11.6500000000000000         -0.6051784704627809
         11.6600000000000000         -0.6051658277089931
         11.6700000000000000         -0.6051529661191440
         11.6800000000000000         -0.6051398864429794
         11.6999999999999990         -0.6051130758394169
         11.7200000000000010         -0.6050854020166470
         11.7400000000000000         -0.6050568711985832
         11.7600000000000000         -0.6050274897242708
         11.7799999999999990         -0.6049972640432829
         11.8000000000000010         -0.6049662007105354
         11.9000000000000000         -0.6047985559879433
         12.0000000000000000         -0.6046110114254002
         12.1000000000000000         -0.6044044935453541
         12.1999999999999990         -0.6041799764662762
         12.3000000000000010         -0.6039384716874543
         12.4000000000000000         -0.6036810172587649
         12.5000000000000000         -0.6034086667627795
         13.0000000000000000         -0.6018601380778814
         13.5000000000000000         -0.6000897234029404
         14.0000000000000000         -0.5981993426744443
         14.1000000000000000         -0.5978138321621830
         14.1999999999999990         -0.5974270133526390
         14.3000000000000010         -0.5970393092095395
         14.4000000000000000         -0.5966511073971393
         14.5000000000000000         -0.5962627625257214
         14.6000000000000000         -0.5958745983508080
         14.6999999999999990         -0.5954869099036219
         14.8000000000000010         -0.5950999655554503
         14.9000000000000000         -0.5947140089854797
         15.0000000000000000         -0.5943292610668062
         15.1000000000000000         -0.5939459216041737
         15.1199999999999990         -0.5938694389288902
         15.1400000000000010         -0.5937930212163469
         15.1600000000000000         -0.5937166698010802
         15.1800000000000000         -0.5936403859744630
         15.1999999999999990         -0.5935641710132872
         15.2200000000000010         -0.5934880261618658
         15.2300000000000000         -0.5934499804097535
         15.2400000000000000         -0.5934119526401480
         15.2500000000000000         -0.5933739430009336
         15.2600000000000000         -0.5933359516405673
         15.2799999999999990         -0.5932600243296239
         15.3000000000000010         -0.5931841718546094
         15.4000000000000000         -0.5928060702807590
         15.5000000000000000         -0.5924299973813985
         15.6000000000000000         -0.5920560704172200
         15.6999999999999990         -0.5916843939714600
         15.7200000000000010         -0.5916103371178846
         15.7400000000000000         -0.5915363747279109
         15.7600000000000000         -0.5914625074800544
         15.7799999999999990         -0.5913887360236043
         15.8000000000000010         -0.5913150610066543
         15.8100000000000000         -0.5912782598588722
         15.8200000000000000         -0.5912414830525090
         15.8300000000000000         -0.5912047306684071
         15.8400000000000000         -0.5911680027717481
         15.8599999999999990         -0.5910946207597598
         15.8800000000000010         -0.5910213375973363
         15.9000000000000000         -0.5909481538486996
         16.0000000000000000         -0.5905837450751144
         16.1000000000000010         -0.5902218983518458
         16.1999999999999990         -0.5898626691909221
         16.3000000000000010         -0.5895061056386738
         16.3999999999999990         -0.5891522489328989
         16.5000000000000000         -0.5888011340712840
         16.6000000000000010         -0.5884527903696389
         16.6999999999999990         -0.5881072419487448
         16.8000000000000010         -0.5877645081873368
         16.8999999999999990         -0.5874246041429741
         17.0000000000000000         -0.5870875409305594
         17.5000000000000000         -0.5854449925231000
         18.0000000000000000         -0.5838734065614770
         18.5000000000000000         -0.5823713955481838
         19.0000000000000000         -0.5809367815064717
         19.5000000000000000         -0.5795669228728468
         20.0000000000000000         -0.5782589260530905
         20.5000000000000000         -0.5770097874199820
         21.0000000000000000         -0.5758164900433176
         21.5000000000000000         -0.5746760683714560
         22.0000000000000000         -0.5735856496635967
         22.5000000000000000         -0.5725424788945933
         23.0000000000000000         -0.5715439322526208
         23.5000000000000000         -0.5705875230475054
         24.0000000000000000         -0.5696709026570053
         24.5000000000000000         -0.5687918583480731
         25.0000000000000000         -0.5679483091177717
         25.5000000000000000         -0.5671383004013958
         26.0000000000000000         -0.5663599980721893
         26.5000000000000000         -0.5656116822728939
         27.0000000000000000         -0.5648917412237224
         27.5000000000000000         -0.5641986652607922
         28.0000000000000000         -0.5635310411435546
         28.5000000000000000         -0.5628875466600146
         29.0000000000000000         -0.5622669456481934
         29.5000000000000000         -0.5616680835178655
         30.0000000000000000         -0.5610898834642385
         31.0000000000000000         -0.5599915363948192
         32.0000000000000000         -0.5589647902912488
         32.1000000000000010         -0.5588658183005177
         32.2000000000000030         -0.5587674984423633
         32.2999999999999970         -0.5586698260630820
         32.3999999999999990         -0.5585727967561299
         32.5000000000000000         -0.5584764063784033
         32.6000000000000010         -0.5583806510609619
         32.7000000000000030         -0.5582855272542508
         32.7999999999999970         -0.5581910317690859
         32.8999999999999990         -0.5580971617986098
         33.0000000000000000         -0.5580039150013492
         33.1000000000000010         -0.5579112895479862
         33.2000000000000030         -0.5578192842146058
         33.2999999999999970         -0.5577278984574415
         33.3999999999999990         -0.5576371325690522
         33.5000000000000000         -0.5575469877873434
         33.6000000000000010         -0.5574574665172601
         33.6199999999999970         -0.5574396373914311
         33.6400000000000010         -0.5574218333873998
         33.6599999999999970         -0.5574040545472866
         33.6800000000000000         -0.5573863009163074
         33.7000000000000030         -0.5573685725405663
         33.7199999999999990         -0.5573508694695438
         33.7299999999999970         -0.5573420274376309
         33.7400000000000020         -0.5573331917519160
         33.7500000000000000         -0.5573243624215685
         33.7599999999999980         -0.5573155394491119
         33.7800000000000010         -0.5572979126180989
         33.7999999999999970         -0.5572803113250629
         33.8999999999999990         -0.5571926903993508
         34.0000000000000000         -0.5571057198463407
         34.1000000000000010         -0.5570194129374904
         34.2000000000000030         -0.5569337869827606
         34.2999999999999970         -0.5568488644424533
         34.3999999999999990         -0.5567646744487237
         34.5000000000000000         -0.5566812548658991
         34.6000000000000010         -0.5565986551429977
         34.7000000000000030         -0.5565169403296071
         34.7999999999999970         -0.5564361967572926
         34.8999999999999990         -0.5563565402166657
         35.0000000000000000         -0.5562781278615193
         36.0000000000000000         -0.5556761069652201
         37.0000000000000000         -0.5555735860460740
         38.0000000000000000         -0.5555600329582395
         45.0000000000000000         -0.5555555847334408
         50.0000000000000000         -0.5555555054083496
         55.0000000000000000         -0.5555554737971881
         60.0000000000000000         -0.5555554580481349
         70.0000000000000000         -0.5555554447579385
         80.0000000000000000         -0.5555554401394619
         90.0000000000000000         -0.5555554382811960
        100.0000000000000000         -0.5555554374495005
        200.0000000000000000         -0.5555554365433825
        300.0000000000000000         -0.5555554365307283
        400.0000000000000000         -0.5555554365296914
        500.0000000000000000         -0.5555554365295805
       1000.0000000000000000         -0.5555554365295133


