0.8000000000000000         -0.4317976359319831
1.0000000000000000         -0.5812974357792078
1.1000000000000001         -0.6272452910415928
1.2000000000000000         -0.6612849237955768
1.3000000000000000         -0.6866843075589042
1.3899999999999999         -0.7040497334517174
1.3999999999999999         -0.7057165581163228
1.4099999999999999         -0.7073362395918329
1.6000000000000001         -0.7307012905008117
1.7000000000000000         -0.7386861178200844
1.8000000000000000         -0.7445936459076135
1.8500000000000001         -0.7469236268031808
1.8600000000000001         -0.7473463035485302
1.8700000000000001         -0.7477553904728125
1.8799999999999999         -0.7481512319422052
1.8899999999999999         -0.7485341628968060
1.8999999999999999         -0.7489045090731520
1.9099999999999999         -0.7492625873032203
1.9199999999999999         -0.7496087057579771
1.9299999999999999         -0.7499431641875201
1.9399999999999999         -0.7502662541681312
1.9500000000000000         -0.7505782593107319
1.9600000000000000         -0.7508794555222172
1.9700000000000000         -0.7511701111891758
1.9800000000000000         -0.7514504873865119
1.9900000000000000         -0.7517208381147604
2.0000000000000000         -0.7519814104544214
2.0099999999999998         -0.7522324447960614
2.0200000000000000         -0.7524741749853516
2.0299999999999998         -0.7527068285541076
2.0400000000000000         -0.7529306268405831
2.0499999999999998         -0.7531457852073475
2.0600000000000001         -0.7533525131688890
2.0699999999999998         -0.7535510145652781
2.0800000000000001         -0.7537414877423935
2.0899999999999999         -0.7539241256578297
2.1000000000000001         -0.7540991160584839
2.2000000000000002         -0.7554662524761757
2.3999999999999999         -0.7565452454576926
2.4100000000000001         -0.7565534518329114
2.4199999999999999         -0.7565579601205319
2.4300000000000002         -0.7565588466851705
2.4399999999999999         -0.7565561858991112
2.6000000000000001         -0.7560848250132608
2.7000000000000002         -0.7554446591553946
2.7400000000000002         -0.7551267687095176
2.7500000000000000         -0.7550422360866021
2.7599999999999998         -0.7549557460978098
2.7999999999999998         -0.7545908404501722
2.8399999999999999         -0.7541970439581309
2.8599999999999999         -0.7539898681171223
2.8799999999999999         -0.7537761179212544
2.8900000000000001         -0.7536668392935071
2.8999999999999999         -0.7535559902554787
2.9199999999999999         -0.7533296737508706
2.9399999999999999         -0.7530973492555102
2.9600000000000000         -0.7528591902968477
2.9800000000000000         -0.7526153635264572
3.0400000000000000         -0.7518514480322196
3.0600000000000001         -0.7515864926476372
3.0800000000000001         -0.7513166128950683
3.1000000000000001         -0.7510419418501135
3.1050000000000000         -0.7509725406115219
3.1150000000000002         -0.7508328717790427
3.1200000000000001         -0.7507626080699474
3.1299999999999999         -0.7506212316577605
3.2000000000000002         -0.7496010725366866
3.2400000000000002         -0.7489953790807053
3.2500000000000000         -0.7488415049268478
3.2599999999999998         -0.7486866759795681
3.2700000000000000         -0.7485309047007461
3.2799999999999998         -0.7483742033649461
3.2900000000000000         -0.7482165840833765
3.2999999999999998         -0.7480580588123482
3.3999999999999999         -0.7464254971325202
3.5000000000000000         -0.7447144152591137
3.7000000000000002         -0.7410948910598036
3.7999999999999998         -0.7392032593914513
3.8999999999999999         -0.7372670369608656
4.3799999999999999         -0.7275502749688715
4.5000000000000000         -0.7250567320825907
4.5199999999999996         -0.7246399786804039
4.5300000000000002         -0.7244315077265620
4.5400000000000000         -0.7242229791456358
4.5499999999999998         -0.7240143967988831
4.5599999999999996         -0.7238057645273122
4.5800000000000001         -0.7233883653633624
4.5999999999999996         -0.7229708116443856
4.6200000000000001         -0.7225531328449153
4.6399999999999997         -0.7221353579246214
4.6600000000000001         -0.7217175153406038
4.6799999999999997         -0.7212996330377518
4.7000000000000002         -0.7208817384730241
4.7199999999999998         -0.7204638586123638
4.7400000000000002         -0.7200460199487547
4.7599999999999998         -0.7196282484913127
4.7800000000000002         -0.7192105697856972
4.7900000000000000         -0.7190017730721593
4.7999999999999998         -0.7187930089186995
4.8099999999999996         -0.7185842803932037
4.8200000000000003         -0.7183755905237479
4.8399999999999999         -0.7179583387867536
4.8600000000000003         -0.7175412774473755
4.8700000000000001         -0.7173328254777636
4.8799999999999999         -0.7171244298164950
4.8899999999999997         -0.7169160933118408
4.9000000000000004         -0.7167078187784808
4.9199999999999999         -0.7162914667932710
4.9400000000000004         -0.7158753958998808
4.9600000000000000         -0.7154596277472725
4.9800000000000004         -0.7150441835550531
5.0000000000000000         -0.7146290841634115
5.0099999999999998         -0.7144216701706447
5.0199999999999996         -0.7142143500120801
5.0300000000000002         -0.7140071261873079
5.0400000000000000         -0.7138000011623185
5.0599999999999996         -0.7133860572837232
5.0700000000000003         -0.7131792432573454
5.0800000000000001         -0.7129725376855564
5.0899999999999999         -0.7127659429200290
5.0999999999999996         -0.7125594612932507
5.2000000000000002         -0.7105013648204632
5.2999999999999998         -0.7084569844861779
5.4000000000000004         -0.7064283000235712
5.5000000000000000         -0.7044170943290506
5.6399999999999997         -0.7016337792034776
5.6500000000000004         -0.7014365053902212
5.6600000000000001         -0.7012394431951806
5.6699999999999999         -0.7010425938694513
5.6799999999999997         -0.7008459586415614
5.6900000000000004         -0.7006495387320946
5.7000000000000002         -0.7004533353460226
5.7999999999999998         -0.6985034634871089
5.8200000000000003         -0.6981161998000109
5.8399999999999999         -0.6977298591614362
5.8499999999999996         -0.6975370374584167
5.8600000000000003         -0.6973444494580757
5.8700000000000001         -0.6971520961136666
5.8799999999999999         -0.6969599783619471
5.9000000000000004         -0.6965764533105969
5.9199999999999999         -0.6961938815413884
5.9400000000000004         -0.6958122700665580
5.9600000000000000         -0.6954316256915413
5.9800000000000004         -0.6950519550183846
6.0000000000000000         -0.6946732644428554
6.0099999999999998         -0.6944842886372005
6.0199999999999996         -0.6942955601658363
6.0300000000000002         -0.6941070797712300
6.0400000000000000         -0.6939188481874463
6.0599999999999996         -0.6935431343236098
6.0800000000000001         -0.6931684241959830
6.0999999999999996         -0.6927947232456415
6.1100000000000003         -0.6926082528624398
6.1200000000000001         -0.6924220367300412
6.1299999999999999         -0.6922360754814585
6.1399999999999997         -0.6920503697338729
6.1500000000000004         -0.6918649200959388
6.1600000000000001         -0.6916797271624430
6.1799999999999997         -0.6913101137628328
6.2000000000000002         -0.6909415341002524
6.2999999999999998         -0.6891142907489968
6.3200000000000003         -0.6887520006924047
6.3399999999999999         -0.6883907720270683
6.3600000000000003         -0.6880306081182306
6.3700000000000001         -0.6878509264623146
6.3799999999999999         -0.6876715121961019
6.3899999999999997         -0.6874923657080982
6.4000000000000004         -0.6873134873635585
6.4199999999999999         -0.6869565365854974
6.4400000000000004         -0.6866006627080879
6.4600000000000000         -0.6862458684460901
6.4800000000000004         -0.6858921563922190
6.5000000000000000         -0.6855395290363310
7.0000000000000000         -0.6770815037804299
7.2000000000000002         -0.6738928830017441
7.4000000000000004         -0.6708157015718337
7.5000000000000000         -0.6693187479800216
7.5999999999999996         -0.6678494250141551
7.7000000000000002         -0.6664076148126374
7.7199999999999998         -0.6661225429287022
7.7400000000000002         -0.6658385652130185
7.7599999999999998         -0.6655556805417175
7.7699999999999996         -0.6654146477409467
7.7800000000000002         -0.6652738877737618
7.7900000000000000         -0.6651334004907949
7.7999999999999998         -0.6649931857516633
7.8200000000000003         -0.6647135733112953
7.8399999999999999         -0.6644350492672352
7.8600000000000003         -0.6641576124327641
7.8700000000000001         -0.6640193013398056
7.8799999999999999         -0.6638812615997618
7.8899999999999997         -0.6637434930563594
7.9000000000000004         -0.6636059955612217
7.9100000000000001         -0.6634687689579365
8.0000000000000000         -0.6622458942787626
8.0999999999999996         -0.6609127270493317
8.1199999999999992         -0.6606493118772505
8.1400000000000006         -0.6603869665233961
8.1600000000000001         -0.6601256897284413
8.1799999999999997         -0.6598654802366817
8.1999999999999993         -0.6596063367943704
8.2100000000000009         -0.6594771644532783
8.2200000000000006         -0.6593482581543230
8.2300000000000004         -0.6592196177440237
8.2400000000000002         -0.6590912430669451
8.2599999999999998         -0.6588352902975528
8.2799999999999994         -0.6585803986086437
8.3000000000000007         -0.6583265667720374
8.4000000000000004         -0.6570732630335527
8.5000000000000000         -0.6558462767903815
8.5199999999999996         -0.6556040250439894
8.5399999999999991         -0.6553628192255112
8.5500000000000007         -0.6552426082011531
8.5600000000000005         -0.6551226582581883
8.5700000000000003         -0.6550029692620223
8.5800000000000001         -0.6548835410866445
8.5999999999999996         -0.6546454666728223
8.6199999999999992         -0.6544084339931767
8.6400000000000006         -0.6541724420500283
8.6600000000000001         -0.6539374898568101
8.6799999999999997         -0.6537035764509451
8.6999999999999993         -0.6534707008879633
8.8000000000000007         -0.6523218592361705
9.0000000000000000         -0.6501015366231275
9.0099999999999998         -0.6499932186738762
9.0199999999999996         -0.6498851571553184
9.0299999999999994         -0.6497773520004243
9.0999999999999996         -0.6490298892368169
9.1999999999999993         -0.6479838359114116
9.2200000000000006         -0.6477776928464934
9.2400000000000002         -0.6475725717526386
9.2599999999999998         -0.6473684724486426
9.2799999999999994         -0.6471653947867476
9.2899999999999991         -0.6470642390354154
9.3000000000000007         -0.6469633386542636
9.3100000000000005         -0.6468626936319284
9.3200000000000003         -0.6467623039648431
9.3399999999999999         -0.6465622906737826
9.3599999999999994         -0.6463632987553085
9.3800000000000008         -0.6461653282256343
9.4000000000000004         -0.6459683791326494
9.4100000000000001         -0.6458702876474213
9.4199999999999999         -0.6457724515511400
9.4299999999999997         -0.6456748708614702
9.4399999999999995         -0.6455775455932525
9.4600000000000009         -0.6453836613981990
9.4800000000000004         -0.6451907991452190
9.5000000000000000         -0.6449989590337134
9.8000000000000007         -0.6422442490465466
9.9000000000000004         -0.6413773938973535
10.0000000000000000         -0.6405363700103558
10.1000000000000000         -0.6397212816711521
10.1999999999999990         -0.6389322419273725
10.2200000000000010         -0.6387775701295725
10.2400000000000000         -0.6386239459288944
10.2600000000000000         -0.6384713702683663
10.2700000000000000         -0.6383954759344311
10.2799999999999990         -0.6383198440900443
10.2899999999999990         -0.6382444748504434
10.3000000000000010         -0.6381693683311349
10.3200000000000000         -0.6380199439203229
10.3400000000000000         -0.6378715717721610
10.3599999999999990         -0.6377242527917818
10.3800000000000010         -0.6375779878718291
10.4000000000000000         -0.6374327778871403
10.5000000000000000         -0.6367225812042770
10.6000000000000000         -0.6360388758709369
10.6999999999999990         -0.6353817391530996
10.8000000000000010         -0.6347512200655787
10.9000000000000000         -0.6341473310676594
11.0000000000000000         -0.6335700395575298
11.0900000000000000         -0.6330731481511225
11.1000000000000000         -0.6330192594676647
11.1099999999999990         -0.6329656344818728
11.1199999999999990         -0.6329122730082655
11.1300000000000010         -0.6328591748566449
11.1400000000000010         -0.6328063398289620
11.1600000000000000         -0.6327014583229748
11.1800000000000000         -0.6325976267684376
11.1900000000000000         -0.6325461041512653
11.1999999999999990         -0.6324948433244338
11.2100000000000010         -0.6324438440373975
11.2200000000000010         -0.6323931060368018
11.2400000000000000         -0.6322924128304928
11.2600000000000000         -0.6321927615046090
11.2799999999999990         -0.6320941497424789
11.3000000000000010         -0.6319965750979161
11.4000000000000000         -0.6315241642562326
11.5000000000000000         -0.6310772413599131
11.6000000000000000         -0.6306553555164163
11.6199999999999990         -0.6305739373362889
11.6400000000000010         -0.6304934949275781
11.6500000000000000         -0.6304536381504134
11.6600000000000000         -0.6304140235122846
11.6700000000000000         -0.6303746503978568
11.6800000000000000         -0.6303355181818031
11.6999999999999990         -0.6302579739009987
11.7200000000000010         -0.6301813855131171
11.7400000000000000         -0.6301057477378150
11.7600000000000000         -0.6300310551745653
11.7799999999999990         -0.6299573023028741
11.8000000000000010         -0.6298844834841539
11.9000000000000000         -0.6295341949500043
12.0000000000000000         -0.6292063486689307
12.1000000000000000         -0.6289001225004787
12.1999999999999990         -0.6286146410505912
12.3000000000000010         -0.6283489860065143
12.4000000000000000         -0.6281022070757055
12.5000000000000000         -0.6278733331012913
13.0000000000000000         -0.6269633970494872
13.5000000000000000         -0.6263600357754290
14.0000000000000000         -0.6259661868541335
14.1000000000000000         -0.6259058344298754
14.1999999999999990         -0.6258504741640677
14.3000000000000010         -0.6257996858631591
14.4000000000000000         -0.6257530814621584
14.5000000000000000         -0.6257103030304514
14.6000000000000000         -0.6256710208283145
14.6999999999999990         -0.6256349314266499
14.8000000000000010         -0.6256017559174361
14.9000000000000000         -0.6255712382146648
15.0000000000000000         -0.6255431434534341
15.1000000000000000         -0.6255172564766405
15.1199999999999990         -0.6255123263845955
15.1400000000000010         -0.6255074751833424
15.1600000000000000         -0.6255027014101472
15.1800000000000000         -0.6254980036254252
15.1999999999999990         -0.6254933804173662
15.2200000000000010         -0.6254888303993098
15.2300000000000000         -0.6254865824102113
15.2400000000000000         -0.6254843522097745
15.2500000000000000         -0.6254821396320622
15.2600000000000000         -0.6254799445118970
15.2799999999999990         -0.6254756059922029
15.3000000000000010         -0.6254713353635067
15.4000000000000000         -0.6254509570998356
15.5000000000000000         -0.6254320959253525
15.6000000000000000         -0.6254146155358787
15.6999999999999990         -0.6253983919712158
15.7200000000000010         -0.6253952879787441
15.7400000000000000         -0.6253922288723703
15.7600000000000000         -0.6253892138195507
15.7799999999999990         -0.6253862420036906
15.8000000000000010         -0.6253833126237727
15.8100000000000000         -0.6253818636013498
15.8200000000000000         -0.6253804248944569
15.8300000000000000         -0.6253789964074705
15.8400000000000000         -0.6253775780455620
15.8599999999999990         -0.6253747713223311
15.8800000000000010         -0.6253720039838028
15.9000000000000000         -0.6253692753045555
16.0000000000000000         -0.6253561873640190
16.1000000000000010         -0.6253439648712379
16.1999999999999990         -0.6253325318435595
16.3000000000000010         -0.6253218195318669
16.3999999999999990         -0.6253117657551615
16.5000000000000000         -0.6253023142892393
16.6000000000000010         -0.6252934142981752
16.6999999999999990         -0.6252850198179692
16.8000000000000010         -0.6252770892817819
16.8999999999999990         -0.6252695850868754
17.0000000000000000         -0.6252624732027033
17.5000000000000000         -0.6252318152827018
18.0000000000000000         -0.6252073790472946
18.5000000000000000         -0.6251873182613010
19.0000000000000000         -0.6251704499522621
19.5000000000000000         -0.6251559931092813
20.0000000000000000         -0.6251434161157131
20.5000000000000000         -0.6251323456033451
21.0000000000000000         -0.6251225107984464
21.5000000000000000         -0.6251137091136283
22.0000000000000000         -0.6251057847387547
22.5000000000000000         -0.6250986150774041
23.0000000000000000         -0.6250921017775557
23.5000000000000000         -0.6250861644817082
24.0000000000000000         -0.6250807363424465
24.5000000000000000         -0.6250757608295276
25.0000000000000000         -0.6250711895132842
25.5000000000000000         -0.6250669805407297
26.0000000000000000         -0.6250630975396667
26.5000000000000000         -0.6250595087606658
27.0000000000000000         -0.6250561863488948
27.5000000000000000         -0.6250531057181115
28.0000000000000000         -0.6250502450309580
28.5000000000000000         -0.6250475847917916
29.0000000000000000         -0.6250451075407690
29.5000000000000000         -0.6250427976208988
30.0000000000000000         -0.6250406409874228
31.0000000000000000         -0.6250367384153150
32.0000000000000000         -0.6250333132433079
32.1000000000000010         -0.6250329941373232
32.2000000000000030         -0.6250326790225231
32.2999999999999970         -0.6250323678361618
32.3999999999999990         -0.6250320605171646
32.5000000000000000         -0.6250317570052404
32.6000000000000010         -0.6250314572413826
32.7000000000000030         -0.6250311611674696
32.7999999999999970         -0.6250308687265352
32.8999999999999990         -0.6250305798627716
33.0000000000000000         -0.6250302945211329
33.1000000000000010         -0.6250300126475885
33.2000000000000030         -0.6250297341893881
33.2999999999999970         -0.6250294590943214
33.3999999999999990         -0.6250291873113503
33.5000000000000000         -0.6250289187904645
33.6000000000000010         -0.6250286534819990
33.6199999999999970         -0.6250286008016613
33.6400000000000010         -0.6250285482473598
33.6599999999999970         -0.6250284958189554
33.6800000000000000         -0.6250284435158900
33.7000000000000030         -0.6250283913380114
33.7199999999999990         -0.6250283392846745
33.7299999999999970         -0.6250283133047863
33.7400000000000020         -0.6250282873557896
33.7500000000000000         -0.6250282614377731
33.7599999999999980         -0.6250282355506812
33.7800000000000010         -0.6250281838691398
33.7999999999999970         -0.6250281323108237
33.8999999999999990         -0.6250278763538881
34.0000000000000000         -0.6250276234213068
34.1000000000000010         -0.6250273734681268
34.2000000000000030         -0.6250271264501890
34.2999999999999970         -0.6250268823242388
34.3999999999999990         -0.6250266410475900
34.5000000000000000         -0.6250264025785184
34.6000000000000010         -0.6250261668758704
34.7000000000000030         -0.6250259338995324
34.7999999999999970         -0.6250257036097406
34.8999999999999990         -0.6250254759676156
35.0000000000000000         -0.6250252509350366
36.0000000000000000         -0.6250231362031298
37.0000000000000000         -0.6250212450564054
38.0000000000000000         -0.6250195487102594
45.0000000000000000         -0.6250114584919736
50.0000000000000000         -0.6250081451644400
55.0000000000000000         -0.6250059300313222
60.0000000000000000         -0.6250043927671819
70.0000000000000000         -0.6250024853174043
80.0000000000000000         -0.6250014154435687
90.0000000000000000         -0.6250007696843809
100.0000000000000000         -0.6250003569433226
200.0000000000000000         -0.6249998698526334
300.0000000000000000         -0.6249998698505047
400.0000000000000000         -0.6249998698502163
500.0000000000000000         -0.6249998698502613
1000.0000000000000000         -0.6249998698501356
