0.8000000000000000         -0.3359831871705350
1.0000000000000000         -0.4835689833015135
1.1000000000000001         -0.5283634174188466
1.2000000000000000         -0.5611147748221378
1.3000000000000000         -0.5850895761287145
1.3899999999999999         -0.6010564724313493
1.3999999999999999         -0.6025611587494676
1.4099999999999999         -0.6040173645106536
1.6000000000000001         -0.6240294566190105
1.7000000000000000         -0.6300721779042809
1.8000000000000000         -0.6339290057511759
1.8500000000000001         -0.6351972627623227
1.8600000000000001         -0.6354049388112866
1.8700000000000001         -0.6355981796503758
1.8799999999999999         -0.6357773473067385
1.8899999999999999         -0.6359427946337207
1.8999999999999999         -0.6360948655704471
1.9099999999999999         -0.6362338954042833
1.9199999999999999         -0.6363602110151524
1.9299999999999999         -0.6364741311179754
1.9399999999999999         -0.6365759664942184
1.9500000000000000         -0.6366660202152142
1.9600000000000000         -0.6367445878649473
1.9700000000000000         -0.6368119577445628
1.9800000000000000         -0.6368684110811161
1.9900000000000000         -0.6369142222229804
2.0000000000000000         -0.6369496588333974
2.0099999999999998         -0.6369749820733325
2.0200000000000000         -0.6369904467833405
2.0299999999999998         -0.6369963016578368
2.0400000000000000         -0.6369927894122898
2.0499999999999998         -0.6369801469480585
2.0600000000000001         -0.6369586055106156
2.0699999999999998         -0.6369283908430300
2.0800000000000001         -0.6368897233369045
2.0899999999999999         -0.6368428181731973
2.1000000000000001         -0.6367878854666978
2.2000000000000002         -0.6358399053980914
2.3999999999999999         -0.6322749012685056
2.4100000000000001         -0.6320530151100218
2.4199999999999999         -0.6318278064984832
2.4300000000000002         -0.6315993754179428
2.4399999999999999         -0.6313678197541075
2.6000000000000001         -0.6273104724732881
2.7000000000000002         -0.6245280372293145
2.7400000000000002         -0.6233804593447758
2.7500000000000000         -0.6230911822937145
2.7599999999999998         -0.6228010568681250
2.7999999999999998         -0.6216330696040666
2.8399999999999999         -0.6204553917864120
2.8599999999999999         -0.6198638239562854
2.8799999999999999         -0.6192708933003489
2.8900000000000001         -0.6189740195240740
2.8999999999999999         -0.6186769266824055
2.9199999999999999         -0.6180822391651151
2.9399999999999999         -0.6174871344601165
2.9600000000000000         -0.6168919053467098
2.9800000000000000         -0.6162968340695618
3.0400000000000000         -0.6145152391939008
3.0600000000000001         -0.6139234233105111
3.0800000000000001         -0.6133330304258223
3.1000000000000001         -0.6127442864141464
3.1050000000000000         -0.6125973837078087
3.1150000000000002         -0.6123039415710576
3.1200000000000001         -0.6121574086752278
3.1299999999999999         -0.6118647353277897
3.2000000000000002         -0.6098326225252757
3.2400000000000002         -0.6086864870875002
3.2500000000000000         -0.6084018809643343
3.2599999999999998         -0.6081180858983712
3.2700000000000000         -0.6078351210635381
3.2799999999999998         -0.6075530051759006
3.2900000000000000         -0.6072717564948000
3.2999999999999998         -0.6069913928242661
3.3999999999999999         -0.6042400249917195
3.5000000000000000         -0.6015933890368940
3.7000000000000002         -0.5966512615089810
3.7999999999999998         -0.5943631344620264
3.8999999999999999         -0.5921949661228436
4.3799999999999999         -0.5832233477976093
4.5000000000000000         -0.5812781139992910
4.5199999999999996         -0.5809633357326717
4.5300000000000002         -0.5808069183324476
4.5400000000000000         -0.5806511428147818
4.5499999999999998         -0.5804960049262214
4.5599999999999996         -0.5803415005714925
4.5800000000000001         -0.5800343768638945
4.5999999999999996         -0.5797297420286032
4.6200000000000001         -0.5794275688142685
4.6399999999999997         -0.5791278323105423
4.6600000000000001         -0.5788305098771319
4.6799999999999997         -0.5785355810660616
4.7000000000000002         -0.5782430275450482
4.7199999999999998         -0.5779528330216220
4.7400000000000002         -0.5776649831651289
4.7599999999999998         -0.5773794655340710
4.7800000000000002         -0.5770962695033428
4.7900000000000000         -0.5769555392482443
4.7999999999999998         -0.5768153861982849
4.8099999999999996         -0.5766758095073945
4.8200000000000003         -0.5765368084319056
4.8399999999999999         -0.5762605306507469
4.8600000000000003         -0.5759865488853897
4.8700000000000001         -0.5758504181922299
4.8799999999999999         -0.5757148607131529
4.8899999999999997         -0.5755798763820894
4.9000000000000004         -0.5754454652270089
4.9199999999999999         -0.5751783630215680
4.9400000000000004         -0.5749135561886550
4.9600000000000000         -0.5746510483311575
4.9800000000000004         -0.5743908445957410
5.0000000000000000         -0.5741329517274465
5.0099999999999998         -0.5740048744323683
5.0199999999999996         -0.5738773781496291
5.0300000000000002         -0.5737504642128277
5.0400000000000000         -0.5736241340766253
5.0599999999999996         -0.5733732316631623
5.0700000000000003         -0.5732486629538861
5.0800000000000001         -0.5731246851973554
5.0899999999999999         -0.5730013005538230
5.0999999999999996         -0.5728785113520336
5.2000000000000002         -0.5716840297107553
5.2999999999999998         -0.5705536258361206
5.4000000000000004         -0.5694971501708828
5.5000000000000000         -0.5685444164321412
5.6399999999999997         -0.5677026117679748
5.6500000000000004         -0.5676982276030205
5.6600000000000001         -0.5677056159992170
5.6699999999999999         -0.5677249352028414
5.6799999999999997         -0.5677559490074598
5.6900000000000004         -0.5677980629649958
5.7000000000000002         -0.5678504121452961
5.7999999999999998         -0.5687258858295029
5.8200000000000003         -0.5689420386973569
5.8399999999999999         -0.5691646731227107
5.8499999999999996         -0.5692779418536491
5.8600000000000003         -0.5693923104752393
5.8700000000000001         -0.5695076542271630
5.8799999999999999         -0.5696238650815948
5.9000000000000004         -0.5698585238726519
5.9199999999999999         -0.5700956657081999
5.9400000000000004         -0.5703348068990771
5.9600000000000000         -0.5705755639665030
5.9800000000000004         -0.5708176277969302
6.0000000000000000         -0.5710607454010573
6.0099999999999998         -0.5711826323647833
6.0199999999999996         -0.5713047068562558
6.0300000000000002         -0.5714269478059980
6.0400000000000000         -0.5715493357840991
6.0599999999999996         -0.5717944823082228
6.0800000000000001         -0.5720400177797416
6.0999999999999996         -0.5722858307492373
6.1100000000000003         -0.5724088103939962
6.1200000000000001         -0.5725318238690967
6.1299999999999999         -0.5726548608132376
6.1399999999999997         -0.5727779114729334
6.1500000000000004         -0.5729009666499021
6.1600000000000001         -0.5730240176600987
6.1799999999999997         -0.5732700747680255
6.2000000000000002         -0.5735160221364749
6.2999999999999998         -0.5747423667349033
6.3200000000000003         -0.5749866666586518
6.3399999999999999         -0.5752305621168473
6.3600000000000003         -0.5754740234260300
6.3700000000000001         -0.5755955825773683
6.3799999999999999         -0.5757170229946705
6.3899999999999997         -0.5758383415205715
6.4000000000000004         -0.5759595350994746
6.4199999999999999         -0.5762015356824890
6.4400000000000004         -0.5764430021865123
6.4600000000000000         -0.5766839133964616
6.4800000000000004         -0.5769242493078093
6.5000000000000000         -0.5771639910136431
7.0000000000000000         -0.5829230282678211
7.2000000000000002         -0.5850782501129181
7.4000000000000004         -0.5871367985853309
7.5000000000000000         -0.5881279628121607
7.5999999999999996         -0.5890928982430335
7.7000000000000002         -0.5900310900975079
7.7199999999999998         -0.5902154795133225
7.7400000000000002         -0.5903987783836304
7.7599999999999998         -0.5905809837070245
7.7699999999999996         -0.5906716753870213
7.7800000000000002         -0.5907620926093509
7.7900000000000000         -0.5908522350308616
7.7999999999999998         -0.5909421023222636
7.8200000000000003         -0.5911210102060618
7.8399999999999999         -0.5912988137274685
7.8600000000000003         -0.5914755104716686
7.8700000000000001         -0.5915634430769593
7.8799999999999999         -0.5916510981323269
7.8899999999999997         -0.5917384753670712
7.9000000000000004         -0.5918255745185521
7.9100000000000001         -0.5919123953277582
8.0000000000000000         -0.5926812181298591
8.0999999999999996         -0.5935088119443723
8.1199999999999992         -0.5936709497104038
8.1400000000000006         -0.5938319579586742
8.1600000000000001         -0.5939918357886818
8.1799999999999997         -0.5941505823889777
8.1999999999999993         -0.5943081970364604
8.2100000000000009         -0.5943865796721831
8.2200000000000006         -0.5944646790863580
8.2300000000000004         -0.5945424952097763
8.2400000000000002         -0.5946200279789871
8.2599999999999998         -0.5947742432342128
8.2799999999999994         -0.5949273244490528
8.3000000000000007         -0.5950792712959616
8.4000000000000004         -0.5958219836970535
8.5000000000000000         -0.5965363284077757
8.5199999999999996         -0.5966757955444174
8.5399999999999991         -0.5968141296456363
8.5500000000000007         -0.5968828719568580
8.5600000000000005         -0.5969513311987406
8.5700000000000003         -0.5970195074366101
8.5800000000000001         -0.5970874007446871
8.5999999999999996         -0.5972223388716296
8.6199999999999992         -0.5973561462161135
8.6400000000000006         -0.5974888234548217
8.6600000000000001         -0.5976203713095173
8.6799999999999997         -0.5977507905400314
8.6999999999999993         -0.5978800819483615
8.8000000000000007         -0.5985096521553638
9.0000000000000000         -0.5996847573604334
9.0099999999999998         -0.5997405862469218
9.0199999999999996         -0.5997961375039523
9.0299999999999994         -0.5998514112805130
9.0999999999999996         -0.6002305711034830
9.1999999999999993         -0.6007487598418551
9.2200000000000006         -0.6008490962570704
9.2400000000000002         -0.6009483351393003
9.2599999999999998         -0.6010464777296569
9.2799999999999994         -0.6011435252696843
9.2899999999999991         -0.6011916387824218
9.3000000000000007         -0.6012394789947696
9.3100000000000005         -0.6012870460599555
9.3200000000000003         -0.6013343401322337
9.3399999999999999         -0.6014281099101164
9.3599999999999994         -0.6015207895383834
9.3800000000000008         -0.6016123802259912
9.4000000000000004         -0.6017028831714579
9.4100000000000001         -0.6017477271128756
9.4199999999999999         -0.6017922995606986
9.4299999999999997         -0.6018366006653141
9.4399999999999995         -0.6018806305712107
9.4600000000000009         -0.6019678773651610
9.4800000000000004         -0.6020540410981201
9.5000000000000000         -0.6021391229056657
9.8000000000000007         -0.6032862474575712
9.9000000000000004         -0.6036151723382590
10.0000000000000000         -0.6039175528822163
10.1000000000000000         -0.6041934822907690
10.1999999999999990         -0.6044430458801497
10.2200000000000010         -0.6044898018146818
10.2400000000000000         -0.6045355069614633
10.2600000000000000         -0.6045801619466677
10.2700000000000000         -0.6046020958240474
10.2799999999999990         -0.6046237673976658
10.2899999999999990         -0.6046451767461103
10.3000000000000010         -0.6046663239470489
10.3200000000000000         -0.6047078322312881
10.3400000000000000         -0.6047482928867494
10.3599999999999990         -0.6047877065622649
10.3800000000000010         -0.6048260739133843
10.4000000000000000         -0.6048633956099461
10.5000000000000000         -0.6050343436379081
10.6000000000000000         -0.6051792602201915
10.6999999999999990         -0.6052982536249247
10.8000000000000010         -0.6053914555369151
10.9000000000000000         -0.6054590289909750
11.0000000000000000         -0.6055011765477943
11.0900000000000000         -0.6055175759323080
11.1000000000000000         -0.6055181484637930
11.1099999999999990         -0.6055184722475653
11.1199999999999990         -0.6055185476187305
11.1300000000000010         -0.6055183749227142
11.1400000000000010         -0.6055179545090136
11.1600000000000000         -0.6055163719736122
11.1800000000000000         -0.6055138029536994
11.1900000000000000         -0.6055121494578757
11.1999999999999990         -0.6055102504933626
11.2100000000000010         -0.6055081064544182
11.2200000000000010         -0.6055057177489405
11.2400000000000000         -0.6055002079874867
11.2600000000000000         -0.6054937245808469
11.2799999999999990         -0.6054862710222341
11.3000000000000010         -0.6054778509126556
11.4000000000000000         -0.6054213864232785
11.5000000000000000         -0.6053413665267251
11.6000000000000000         -0.6052383760892937
11.6199999999999990         -0.6052150783584322
11.6400000000000010         -0.6051908936414349
11.6500000000000000         -0.6051784704627809
11.6600000000000000         -0.6051658277089931
11.6700000000000000         -0.6051529661191440
11.6800000000000000         -0.6051398864429794
11.6999999999999990         -0.6051130758394169
11.7200000000000010         -0.6050854020166470
11.7400000000000000         -0.6050568711985832
11.7600000000000000         -0.6050274897242708
11.7799999999999990         -0.6049972640432829
11.8000000000000010         -0.6049662007105354
11.9000000000000000         -0.6047985559879433
12.0000000000000000         -0.6046110114254002
12.1000000000000000         -0.6044044935453541
12.1999999999999990         -0.6041799764662762
12.3000000000000010         -0.6039384716874543
12.4000000000000000         -0.6036810172587649
12.5000000000000000         -0.6034086667627795
13.0000000000000000         -0.6018601380778814
13.5000000000000000         -0.6000897234029404
14.0000000000000000         -0.5981993426744443
14.1000000000000000         -0.5978138321621830
14.1999999999999990         -0.5974270133526390
14.3000000000000010         -0.5970393092095395
14.4000000000000000         -0.5966511073971393
14.5000000000000000         -0.5962627625257214
14.6000000000000000         -0.5958745983508080
14.6999999999999990         -0.5954869099036219
14.8000000000000010         -0.5950999655554503
14.9000000000000000         -0.5947140089854797
15.0000000000000000         -0.5943292610668062
15.1000000000000000         -0.5939459216041737
15.1199999999999990         -0.5938694389288902
15.1400000000000010         -0.5937930212163469
15.1600000000000000         -0.5937166698010802
15.1800000000000000         -0.5936403859744630
15.1999999999999990         -0.5935641710132872
15.2200000000000010         -0.5934880261618658
15.2300000000000000         -0.5934499804097535
15.2400000000000000         -0.5934119526401480
15.2500000000000000         -0.5933739430009336
15.2600000000000000         -0.5933359516405673
15.2799999999999990         -0.5932600243296239
15.3000000000000010         -0.5931841718546094
15.4000000000000000         -0.5928060702807590
15.5000000000000000         -0.5924299973813985
15.6000000000000000         -0.5920560704172200
15.6999999999999990         -0.5916843939714600
15.7200000000000010         -0.5916103371178846
15.7400000000000000         -0.5915363747279109
15.7600000000000000         -0.5914625074800544
15.7799999999999990         -0.5913887360236043
15.8000000000000010         -0.5913150610066543
15.8100000000000000         -0.5912782598588722
15.8200000000000000         -0.5912414830525090
15.8300000000000000         -0.5912047306684071
15.8400000000000000         -0.5911680027717481
15.8599999999999990         -0.5910946207597598
15.8800000000000010         -0.5910213375973363
15.9000000000000000         -0.5909481538486996
16.0000000000000000         -0.5905837450751144
16.1000000000000010         -0.5902218983518458
16.1999999999999990         -0.5898626691909221
16.3000000000000010         -0.5895061056386738
16.3999999999999990         -0.5891522489328989
16.5000000000000000         -0.5888011340712840
16.6000000000000010         -0.5884527903696389
16.6999999999999990         -0.5881072419487448
16.8000000000000010         -0.5877645081873368
16.8999999999999990         -0.5874246041429741
17.0000000000000000         -0.5870875409305594
17.5000000000000000         -0.5854449925231000
18.0000000000000000         -0.5838734065614770
18.5000000000000000         -0.5823713955481838
19.0000000000000000         -0.5809367815064717
19.5000000000000000         -0.5795669228728468
20.0000000000000000         -0.5782589260530905
20.5000000000000000         -0.5770097874199820
21.0000000000000000         -0.5758164900433176
21.5000000000000000         -0.5746760683714560
22.0000000000000000         -0.5735856496635967
22.5000000000000000         -0.5725424788945933
23.0000000000000000         -0.5715439322526208
23.5000000000000000         -0.5705875230475054
24.0000000000000000         -0.5696709026570053
24.5000000000000000         -0.5687918583480731
25.0000000000000000         -0.5679483091177717
25.5000000000000000         -0.5671383004013958
26.0000000000000000         -0.5663599980721893
26.5000000000000000         -0.5656116822728939
27.0000000000000000         -0.5648917412237224
27.5000000000000000         -0.5641986652607922
28.0000000000000000         -0.5635310411435546
28.5000000000000000         -0.5628875466600146
29.0000000000000000         -0.5622669456481934
29.5000000000000000         -0.5616680835178655
30.0000000000000000         -0.5610898834642385
31.0000000000000000         -0.5599915363948192
32.0000000000000000         -0.5589647902912488
32.1000000000000010         -0.5588658183005177
32.2000000000000030         -0.5587674984423633
32.2999999999999970         -0.5586698260630820
32.3999999999999990         -0.5585727967561299
32.5000000000000000         -0.5584764063784033
32.6000000000000010         -0.5583806510609619
32.7000000000000030         -0.5582855272542508
32.7999999999999970         -0.5581910317690859
32.8999999999999990         -0.5580971617986098
33.0000000000000000         -0.5580039150013492
33.1000000000000010         -0.5579112895479862
33.2000000000000030         -0.5578192842146058
33.2999999999999970         -0.5577278984574415
33.3999999999999990         -0.5576371325690522
33.5000000000000000         -0.5575469877873434
33.6000000000000010         -0.5574574665172601
33.6199999999999970         -0.5574396373914311
33.6400000000000010         -0.5574218333873998
33.6599999999999970         -0.5574040545472866
33.6800000000000000         -0.5573863009163074
33.7000000000000030         -0.5573685725405663
33.7199999999999990         -0.5573508694695438
33.7299999999999970         -0.5573420274376309
33.7400000000000020         -0.5573331917519160
33.7500000000000000         -0.5573243624215685
33.7599999999999980         -0.5573155394491119
33.7800000000000010         -0.5572979126180989
33.7999999999999970         -0.5572803113250629
33.8999999999999990         -0.5571926903993508
34.0000000000000000         -0.5571057198463407
34.1000000000000010         -0.5570194129374904
34.2000000000000030         -0.5569337869827606
34.2999999999999970         -0.5568488644424533
34.3999999999999990         -0.5567646744487237
34.5000000000000000         -0.5566812548658991
34.6000000000000010         -0.5565986551429977
34.7000000000000030         -0.5565169403296071
34.7999999999999970         -0.5564361967572926
34.8999999999999990         -0.5563565402166657
35.0000000000000000         -0.5562781278615193
36.0000000000000000         -0.5556761069652201
37.0000000000000000         -0.5555735860460740
38.0000000000000000         -0.5555600329582395
45.0000000000000000         -0.5555555847334408
50.0000000000000000         -0.5555555054083496
55.0000000000000000         -0.5555554737971881
60.0000000000000000         -0.5555554580481349
70.0000000000000000         -0.5555554447579385
80.0000000000000000         -0.5555554401394619
90.0000000000000000         -0.5555554382811960
100.0000000000000000         -0.5555554374495005
200.0000000000000000         -0.5555554365433825
300.0000000000000000         -0.5555554365307283
400.0000000000000000         -0.5555554365296914
500.0000000000000000         -0.5555554365295805
1000.0000000000000000         -0.5555554365295133
