          0.8000000000000000         -0.4363854682140145
          1.0000000000000000         -0.5800457067610436
          1.1000000000000001         -0.6229775680934445
          1.2000000000000000         -0.6539324556158223
          1.3000000000000000         -0.6761756833889789
          1.3899999999999999         -0.6906386949247069
          1.3999999999999999         -0.6919794415585622
          1.4099999999999999         -0.6932723365710413
          1.6000000000000001         -0.7103000869409677
          1.7000000000000000         -0.7148621125722808
          1.8000000000000000         -0.7173009381206572
          1.8500000000000001         -0.7178841843823881
          1.8600000000000001         -0.7179568128008058
          1.8700000000000001         -0.7180156636647259
          1.8799999999999999         -0.7180611020031680
          1.8899999999999999         -0.7180934836098675
          1.8999999999999999         -0.7181131554276811
          1.9099999999999999         -0.7181204562476567
          1.9199999999999999         -0.7181157161109782
          1.9299999999999999         -0.7180992572417244
          1.9399999999999999         -0.7180713940134739
          1.9500000000000000         -0.7180324332818023
          1.9600000000000000         -0.7179826744724810
          1.9700000000000000         -0.7179224099252244
          1.9800000000000000         -0.7178519249978869
          1.9900000000000000         -0.7177714983530965
          2.0000000000000000         -0.7176814020755717
          2.0099999999999998         -0.7175819019636572
          2.0200000000000000         -0.7174732575772276
          2.0299999999999998         -0.7173557225539242
          2.0400000000000000         -0.7172295446864012
          2.0499999999999998         -0.7170949661745065
          2.0600000000000001         -0.7169522235581061
          2.0699999999999998         -0.7168015485594404
          2.0800000000000001         -0.7166431670649561
          2.0899999999999999         -0.7164773003979639
          2.1000000000000001         -0.7163041649103788
          2.2000000000000002         -0.7142174238160894
          2.3999999999999999         -0.7086403404428776
          2.4100000000000001         -0.7083285438302739
          2.4199999999999999         -0.7080145727408405
          2.4300000000000002         -0.7076985495531771
          2.4399999999999999         -0.7073805955593389
          2.6000000000000001         -0.7021275158871623
          2.7000000000000002         -0.6988267888098404
          2.7400000000000002         -0.6975396317077065
          2.7500000000000000         -0.6972227464358199
          2.7599999999999998         -0.6969081761196521
          2.7999999999999998         -0.6956769361870232
          2.8399999999999999         -0.6944993630763068
          2.8599999999999999         -0.6939356106020761
          2.8799999999999999         -0.6933915620760768
          2.8900000000000001         -0.6931277144673937
          2.8999999999999999         -0.6928697700624333
          2.9199999999999999         -0.6923730502536207
          2.9399999999999999         -0.6919045032683826
          2.9600000000000000         -0.6914675304782237
          2.9800000000000000         -0.6910658393104161
          3.0400000000000000         -0.6901137123036793
          3.0600000000000001         -0.6898953962295347
          3.0800000000000001         -0.6897340956702076
          3.1000000000000001         -0.6896340127084313
          3.1050000000000000         -0.6896190045256453
          3.1150000000000002         -0.6896013701832684
          3.1200000000000001         -0.6895988358245064
          3.1299999999999999         -0.6896065338385868
          3.2000000000000002         -0.6901485266104945
          3.2400000000000002         -0.6908311207021542
          3.2500000000000000         -0.6910401898477663
          3.2599999999999998         -0.6912633656603786
          3.2700000000000000         -0.6914999281754294
          3.2799999999999998         -0.6917491216200344
          3.2900000000000000         -0.6920101640437784
          3.2999999999999998         -0.6922822564749407
          3.3999999999999999         -0.6954377020161628
          3.5000000000000000         -0.6989178731677684
          3.7000000000000002         -0.7052931511612870
          3.7999999999999998         -0.7078718519845766
          3.8999999999999999         -0.7099851143492137
          4.4000000000000004         -0.7142364409048100
          4.5000000000000000         -0.7140596942619092
          4.5199999999999996         -0.7139921587025181
          4.5300000000000002         -0.7139545876674565
          4.5400000000000000         -0.7139145251971657
          4.5499999999999998         -0.7138720040253805
          4.5599999999999996         -0.7138270566758785
          4.5800000000000001         -0.7137300121557268
          4.5999999999999996         -0.7136236466789161
          4.6200000000000001         -0.7135082112051276
          4.6399999999999997         -0.7133839526149007
          4.6600000000000001         -0.7132511136147376
          4.6799999999999997         -0.7131099327316127
          4.7000000000000002         -0.7129606442858224
          4.7199999999999998         -0.7128034783324833
          4.7400000000000002         -0.7126386607150408
          4.7599999999999998         -0.7124664130086514
          4.7800000000000002         -0.7122869525950728
          4.7900000000000000         -0.7121945843749070
          4.7999999999999998         -0.7121004925861165
          4.8099999999999996         -0.7120047031507812
          4.8200000000000003         -0.7119072418643835
          4.8399999999999999         -0.7117074051884686
          4.8600000000000003         -0.7115011831268820
          4.8700000000000001         -0.7113957391310353
          4.8799999999999999         -0.7112887721010182
          4.8899999999999997         -0.7111803060089463
          4.9000000000000004         -0.7110703644502242
          4.9199999999999999         -0.7108461484537034
          4.9400000000000004         -0.7106163083155862
          4.9600000000000000         -0.7103810243869152
          4.9800000000000004         -0.7101404729970081
          5.0000000000000000         -0.7098948265422325
          5.0099999999999998         -0.7097701455473184
          5.0199999999999996         -0.7096442537347560
          5.0300000000000002         -0.7095171716018961
          5.0400000000000000         -0.7093889194099554
          5.0599999999999996         -0.7091289846682163
          5.0700000000000003         -0.7089973415072954
          5.0800000000000001         -0.7088646069819863
          5.0899999999999999         -0.7087308002462678
          5.0999999999999996         -0.7085959401690718
          5.2000000000000002         -0.7071934070788928
          5.2999999999999998         -0.7057047394097213
          5.4000000000000004         -0.7041454393494933
          5.5000000000000000         -0.7025291794721609
          5.6399999999999997         -0.7001933173225484
          5.6500000000000004         -0.7000238667433962
          5.6600000000000001         -0.6998541206140009
          5.6699999999999999         -0.6996840880138702
          5.6799999999999997         -0.6995137779677836
          5.6900000000000004         -0.6993431993242623
          5.7000000000000002         -0.6991723608036252
          5.7999999999999998         -0.6974515226391037
          5.8200000000000003         -0.6971050518984681
          5.8399999999999999         -0.6967579543691497
          5.8499999999999996         -0.6965841884457087
          5.8600000000000003         -0.6964102870562318
          5.8700000000000001         -0.6962362571043849
          5.8799999999999999         -0.6960621053679352
          5.9000000000000004         -0.6957134631163461
          5.9199999999999999         -0.6953644126025686
          5.9400000000000004         -0.6950150045838573
          5.9600000000000000         -0.6946652883898512
          5.9800000000000004         -0.6943153118993853
          6.0000000000000000         -0.6939651216055912
          6.0099999999999998         -0.6937899604371867
          6.0199999999999996         -0.6936147626383402
          6.0300000000000002         -0.6934395336466467
          6.0400000000000000         -0.6932642788055057
          6.0599999999999996         -0.6929137126121780
          6.0800000000000001         -0.6925631053006664
          6.0999999999999996         -0.6922124968909904
          6.1100000000000003         -0.6920372044581833
          6.1200000000000001         -0.6918619262196190
          6.1299999999999999         -0.6916866668458757
          6.1399999999999997         -0.6915114309297992
          6.1500000000000004         -0.6913362230091544
          6.1600000000000001         -0.6911610475386881
          6.1799999999999997         -0.6908108114707074
          6.2000000000000002         -0.6904607570342977
          6.2999999999999998         -0.6887143389955893
          6.3200000000000003         -0.6883660383906038
          6.3399999999999999         -0.6880181318057467
          6.3600000000000003         -0.6876706459117201
          6.3700000000000001         -0.6874970688230563
          6.3799999999999999         -0.6873236065221747
          6.3899999999999997         -0.6871502621011101
          6.4000000000000004         -0.6869770386182230
          6.4199999999999999         -0.6866309663816452
          6.4400000000000004         -0.6862854132319323
          6.4600000000000000         -0.6859404018099022
          6.4800000000000004         -0.6855959540277825
          6.5000000000000000         -0.6852520910754267
          7.0000000000000000         -0.6768950032580880
          7.2000000000000002         -0.6737069155194417
          7.4000000000000004         -0.6706190810935975
          7.5000000000000000         -0.6691141199396666
          7.5999999999999996         -0.6676356074263896
          7.7000000000000002         -0.6661837786128271
          7.7199999999999998         -0.6658966297602777
          7.7400000000000002         -0.6656105555441707
          7.7599999999999998         -0.6653255567444756
          7.7699999999999996         -0.6651834608439348
          7.7800000000000002         -0.6650416340509111
          7.7900000000000000         -0.6649000764338020
          7.7999999999999998         -0.6647587880563437
          7.8200000000000003         -0.6644770192541409
          7.8399999999999999         -0.6641963280528723
          7.8600000000000003         -0.6639167147702604
          7.8700000000000001         -0.6637773124293543
          7.8799999999999999         -0.6636381796523718
          7.8899999999999997         -0.6634993164587509
          7.9000000000000004         -0.6633607228557642
          7.9100000000000001         -0.6632223988614637
          8.0000000000000000         -0.6619896142358979
          8.0999999999999996         -0.6606454478342912
          8.1199999999999992         -0.6603798437033932
          8.1400000000000006         -0.6601153147651873
          8.1600000000000001         -0.6598518604235459
          8.1799999999999997         -0.6595894800444703
          8.1999999999999993         -0.6593281729484898
          8.2100000000000009         -0.6591979216617622
          8.2200000000000006         -0.6590679384285633
          8.2300000000000004         -0.6589382231525622
          8.2400000000000002         -0.6588087757394698
          8.2599999999999998         -0.6585506841081559
          8.2799999999999994         -0.6582936627339906
          8.3000000000000007         -0.6580377107887341
          8.4000000000000004         -0.6567739619120494
          8.5000000000000000         -0.6555368128525848
          8.5199999999999996         -0.6552925644075983
          8.5399999999999991         -0.6550493741075455
          8.5500000000000007         -0.6549281754523182
          8.5600000000000005         -0.6548072409583657
          8.5700000000000003         -0.6546865705016645
          8.5800000000000001         -0.6545661639578937
          8.5999999999999996         -0.6543261421083060
          8.6199999999999992         -0.6540871744165063
          8.6400000000000006         -0.6538492598846484
          8.6600000000000001         -0.6536123975279707
          8.6799999999999997         -0.6533765863610437
          8.6999999999999993         -0.6531418254097201
          8.8000000000000007         -0.6519837404240244
          9.0000000000000000         -0.6497458101269964
          9.0099999999999998         -0.6496366407963854
          9.0199999999999996         -0.6495277305167995
          9.0299999999999994         -0.6494190792031117
          9.0999999999999996         -0.6486657642977134
          9.1999999999999993         -0.6476115548612236
          9.2200000000000006         -0.6474038076415857
          9.2400000000000002         -0.6471970909792557
          9.2599999999999998         -0.6469914045035017
          9.2799999999999994         -0.6467867478827777
          9.2899999999999991         -0.6466848056688451
          9.3000000000000007         -0.6465831208089931
          9.3100000000000005         -0.6464816932698558
          9.3200000000000003         -0.6463805230148363
          9.3399999999999999         -0.6461789542642794
          9.3599999999999994         -0.6459784143474470
          9.3800000000000008         -0.6457789030968566
          9.4000000000000004         -0.6455804203760607
          9.4100000000000001         -0.6454815646789623
          9.4199999999999999         -0.6453829660792438
          9.4299999999999997         -0.6452846245660463
          9.4399999999999995         -0.6451865401394662
          9.4600000000000009         -0.6449911425201955
          9.4800000000000004         -0.6447967732201676
          9.5000000000000000         -0.6446034322774369
          9.8000000000000007         -0.6418268491176579
          9.9000000000000004         -0.6409529233544207
         10.0000000000000000         -0.6401049191282900
         10.1000000000000000         -0.6392829348737475
         10.1999999999999990         -0.6384870825342662
         10.2200000000000010         -0.6383310584759539
         10.2400000000000000         -0.6381760855496713
         10.2600000000000000         -0.6380221647675951
         10.2700000000000000         -0.6379455992481283
         10.2799999999999990         -0.6378692971463039
         10.2899999999999990         -0.6377932585901733
         10.3000000000000010         -0.6377174837083860
         10.3200000000000000         -0.6375667254724158
         10.3400000000000000         -0.6374170234643489
         10.3599999999999990         -0.6372683786970827
         10.3800000000000010         -0.6371207921863560
         10.4000000000000000         -0.6369742649387208
         10.5000000000000000         -0.6362575521041519
         10.6000000000000000         -0.6355674639209694
         10.6999999999999990         -0.6349041046023280
         10.8000000000000010         -0.6342675557477535
         10.9000000000000000         -0.6336578675959380
         11.0000000000000000         -0.6330750498851384
         11.0900000000000000         -0.6325734562384692
         11.1000000000000000         -0.6325190625536732
         11.1099999999999990         -0.6324649362383070
         11.1199999999999990         -0.6324110771610779
         11.1300000000000010         -0.6323574851783783
         11.1400000000000010         -0.6323041601413971
         11.1600000000000000         -0.6321983102875689
         11.1800000000000000         -0.6320935262727104
         11.1900000000000000         -0.6320415335104969
         11.1999999999999990         -0.6319898066612563
         11.2100000000000010         -0.6319383455227685
         11.2200000000000010         -0.6318871498928971
         11.2400000000000000         -0.6317855542941875
         11.2600000000000000         -0.6316850180645471
         11.2799999999999990         -0.6315855392815314
         11.3000000000000010         -0.6314871158952825
         11.4000000000000000         -0.6310107491255184
         11.5000000000000000         -0.6305603843754215
         11.6000000000000000         -0.6301356146592749
         11.6199999999999990         -0.6300536901823363
         11.6400000000000010         -0.6299727656533641
         11.6500000000000000         -0.6299326769652944
         11.6600000000000000         -0.6298928365625829
         11.6700000000000000         -0.6298532438584113
         11.6800000000000000         -0.6298138982592647
         11.6999999999999990         -0.6297359459605528
         11.7200000000000010         -0.6296589747433670
         11.7400000000000000         -0.6295829795522637
         11.7600000000000000         -0.6295079551962820
         11.7799999999999990         -0.6294338963561289
         11.8000000000000010         -0.6293607975780443
         11.9000000000000000         -0.6290095049344165
         12.0000000000000000         -0.6286813247590842
         12.1000000000000000         -0.6283754424595966
         12.1999999999999990         -0.6280909813488625
         12.3000000000000010         -0.6278270132891661
         12.4000000000000000         -0.6275825702723288
         12.5000000000000000         -0.6273566564334979
         13.0000000000000000         -0.6264696720696008
         13.5000000000000000         -0.6258991048015308
         14.0000000000000000         -0.6255430943853358
         14.1000000000000000         -0.6254905755837344
         14.1999999999999990         -0.6254430795504149
         14.3000000000000010         -0.6254001644045344
         14.4000000000000000         -0.6253614216817188
         14.5000000000000000         -0.6253264742185382
         14.6000000000000000         -0.6252949741365823
         14.6999999999999990         -0.6252666009398092
         14.8000000000000010         -0.6252410597506546
         14.9000000000000000         -0.6252180796700167
         15.0000000000000000         -0.6251974122604931
         15.1000000000000000         -0.6251788301356681
         15.1199999999999990         -0.6251753453379048
         15.1400000000000010         -0.6251719340149209
         15.1600000000000000         -0.6251685946265896
         15.1800000000000000         -0.6251653256598841
         15.1999999999999990         -0.6251621256308062
         15.2200000000000010         -0.6251589930831939
         15.2300000000000000         -0.6251574516675831
         15.2400000000000000         -0.6251559265890221
         15.2500000000000000         -0.6251544176725152
         15.2600000000000000         -0.6251529247461350
         15.2799999999999990         -0.6251499861804681
         15.3000000000000010         -0.6251471095437926
         15.4000000000000000         -0.6251336099215974
         15.5000000000000000         -0.6251214708871171
         15.6000000000000000         -0.6251105514946154
         15.6999999999999990         -0.6251007246110269
         15.7200000000000010         -0.6250988800560420
         15.7400000000000000         -0.6250970737306024
         15.7600000000000000         -0.6250953047954630
         15.7799999999999990         -0.6250935724302251
         15.8000000000000010         -0.6250918758315445
         15.8100000000000000         -0.6250910406986405
         15.8200000000000000         -0.6250902142137140
         15.8300000000000000         -0.6250893962815681
         15.8400000000000000         -0.6250885868077406
         15.8599999999999990         -0.6250869928614630
         15.8800000000000010         -0.6250854316394494
         15.9000000000000000         -0.6250839024215342
         16.0000000000000000         -0.6250767123045047
         16.1000000000000010         -0.6250702230906754
         16.1999999999999990         -0.6250643611628626
         16.3000000000000010         -0.6250590608135824
         16.3999999999999990         -0.6250542634471906
         16.5000000000000000         -0.6250499168392243
         16.6000000000000010         -0.6250459744625733
         16.6999999999999990         -0.6250423948687210
         16.8000000000000010         -0.6250391411332883
         16.8999999999999990         -0.6250361803522563
         17.0000000000000000         -0.6250334831936870
         17.5000000000000000         -0.6250231280349555
         18.0000000000000000         -0.6250164256455288
         18.5000000000000000         -0.6250119751221268
         19.0000000000000000         -0.6250089470055362
         19.5000000000000000         -0.6250068377569474
         20.0000000000000000         -0.6250053345919295
         20.5000000000000000         -0.6250042391848105
         21.0000000000000000         -0.6250034234414137
         21.5000000000000000         -0.6250028032131136
         22.0000000000000000         -0.6250023223236777
         22.5000000000000000         -0.6250019426744953
         23.0000000000000000         -0.6250016380156344
         23.5000000000000000         -0.6250013899651411
         24.0000000000000000         -0.6250011854318509
         24.5000000000000000         -0.6250010149277599
         25.0000000000000000         -0.6250008714503839
         25.5000000000000000         -0.6250007497396048
         26.0000000000000000         -0.6250006457754566
         26.5000000000000000         -0.6250005564382771
         27.0000000000000000         -0.6250004792703687
         27.5000000000000000         -0.6250004123107512
         28.0000000000000000         -0.6250003539745429
         28.5000000000000000         -0.6250003029665879
         29.0000000000000000         -0.6250002582187095
         29.5000000000000000         -0.6250002188426540
         30.0000000000000000         -0.6250001840957120
         31.0000000000000000         -0.6250001260865031
         32.0000000000000000         -0.6250000802590709
         32.1000000000000010         -0.6250000762291615
         32.2000000000000030         -0.6250000722893230
         32.2999999999999970         -0.6250000684376756
         32.3999999999999990         -0.6250000646715458
         32.5000000000000000         -0.6250000609892413
         32.6000000000000010         -0.6250000573880438
         32.7000000000000030         -0.6250000538664497
         32.7999999999999970         -0.6250000504223016
         32.8999999999999990         -0.6250000470534437
         33.0000000000000000         -0.6250000437581651
         33.1000000000000010         -0.6250000405345534
         33.2000000000000030         -0.6250000373808241
         33.2999999999999970         -0.6250000342954908
         33.3999999999999990         -0.6250000312764900
         33.5000000000000000         -0.6250000283224755
         33.6000000000000010         -0.6250000254318011
         33.6199999999999970         -0.6250000248610436
         33.6400000000000010         -0.6250000242927516
         33.6599999999999970         -0.6250000237271567
         33.6800000000000000         -0.6250000231636036
         33.7000000000000030         -0.6250000226027094
         33.7199999999999990         -0.6250000220441398
         33.7299999999999970         -0.6250000217659205
         33.7400000000000020         -0.6250000214880839
         33.7500000000000000         -0.6250000212109459
         33.7599999999999980         -0.6250000209343478
         33.7800000000000010         -0.6250000203829078
         33.7999999999999970         -0.6250000198340142
         33.8999999999999990         -0.6250000171239861
         34.0000000000000000         -0.6250000144711929
         34.1000000000000010         -0.6250000118744843
         34.2000000000000030         -0.6250000093324148
         34.2999999999999970         -0.6250000068435826
         34.3999999999999990         -0.6250000044067605
         34.5000000000000000         -0.6250000020208872
         34.6000000000000010         -0.6249999996844562
         34.7000000000000030         -0.6249999973962992
         34.7999999999999970         -0.6249999951554360
         34.8999999999999990         -0.6249999929608692
         35.0000000000000000         -0.6249999908112623
         36.0000000000000000         -0.6249999715733221
         37.0000000000000000         -0.6249999558361250
         38.0000000000000000         -0.6249999428884555
         45.0000000000000000         -0.6249998959631363
         50.0000000000000000         -0.6249998836418024
         55.0000000000000000         -0.6249998776681560
         60.0000000000000000         -0.6249998745211904
         70.0000000000000000         -0.6249998717511639
         80.0000000000000000         -0.6249998707078147
         90.0000000000000000         -0.6249998702570085
        100.0000000000000000         -0.6249998700583685
        200.0000000000000000         -0.6249998698534812
        300.0000000000000000         -0.6249998698506396
        400.0000000000000000         -0.6249998698501873
        500.0000000000000000         -0.6249998698500924
       1000.0000000000000000         -0.6249998698503745
