          0.8000000000000000         -0.3683297370006375
          1.0000000000000000         -0.5187249999072845
          1.1000000000000001         -0.5650301171614976
          1.2000000000000000         -0.5992910410497615
          1.3000000000000000         -0.6247203867601241
          1.3899999999999999         -0.6419124518913103
          1.3999999999999999         -0.6435472148156772
          1.4099999999999999         -0.6451321895027299
          1.6000000000000001         -0.6673215763890736
          1.7000000000000000         -0.6742956823465184
          1.8000000000000000         -0.6789400462530970
          1.8500000000000001         -0.6805513106852076
          1.8600000000000001         -0.6808237288776922
          1.8700000000000001         -0.6810804571943048
          1.8799999999999999         -0.6813218716237466
          1.8899999999999999         -0.6815483391110658
          1.8999999999999999         -0.6817602178131307
          1.9099999999999999         -0.6819578573359036
          1.9199999999999999         -0.6821415989687644
          1.9299999999999999         -0.6823117759110628
          1.9399999999999999         -0.6824687134887099
          1.9500000000000000         -0.6826127293641647
          1.9600000000000000         -0.6827441337498835
          1.9700000000000000         -0.6828632295959240
          1.9800000000000000         -0.6829703127901828
          1.9900000000000000         -0.6830656723451192
          2.0000000000000000         -0.6831495905747178
          2.0099999999999998         -0.6832223432730639
          2.0200000000000000         -0.6832841998840045
          2.0299999999999998         -0.6833354236661056
          2.0400000000000000         -0.6833762718550913
          2.0499999999999998         -0.6834069958167093
          2.0600000000000001         -0.6834278412016019
          2.0699999999999998         -0.6834390480834601
          2.0800000000000001         -0.6834408511164815
          2.0899999999999999         -0.6834334796576742
          2.1000000000000001         -0.6834171579106728
          2.2000000000000002         -0.6828075632347173
          2.3999999999999999         -0.6796985610389445
          2.4100000000000001         -0.6794930104704605
          2.4199999999999999         -0.6792835983948247
          2.4300000000000002         -0.6790704343738150
          2.4399999999999999         -0.6788536257212912
          2.6000000000000001         -0.6749686257683982
          2.7000000000000002         -0.6722421663165171
          2.7400000000000002         -0.6711077151740017
          2.7500000000000000         -0.6708209648461124
          2.7599999999999998         -0.6705330748175806
          2.7999999999999998         -0.6693712173861686
          2.8399999999999999         -0.6681954026431471
          2.8599999999999999         -0.6676032580342243
          2.8799999999999999         -0.6670087912802066
          2.8900000000000001         -0.6667108001084727
          2.8999999999999999         -0.6664123623752674
          2.9199999999999999         -0.6658143183832239
          2.9399999999999999         -0.6652149939806238
          2.9600000000000000         -0.6646147119645328
          2.9800000000000000         -0.6640137837506297
          3.0400000000000000         -0.6622100750191808
          3.0600000000000001         -0.6616094644584527
          3.0800000000000001         -0.6610096096919891
          3.1000000000000001         -0.6604107629513696
          3.1050000000000000         -0.6602612375117636
          3.1150000000000002         -0.6599624363264531
          3.1200000000000001         -0.6598131679398203
          3.1299999999999999         -0.6595149137403926
          3.2000000000000002         -0.6574398989922945
          3.2400000000000002         -0.6562665377133852
          3.2500000000000000         -0.6559748530517495
          3.2599999999999998         -0.6556838781781940
          3.2700000000000000         -0.6553936361688207
          3.2799999999999998         -0.6551041497221235
          3.2900000000000000         -0.6548154411657072
          3.2999999999999998         -0.6545275324622073
          3.3999999999999999         -0.6516970188425779
          3.5000000000000000         -0.6489681474192638
          3.7000000000000002         -0.6438796331175560
          3.7999999999999998         -0.6415457092825103
          3.8999999999999999         -0.6393652452514278
          4.3799999999999999         -0.6311889168960646
          4.5000000000000000         -0.6297375386168659
          4.5199999999999996         -0.6295174365163724
          4.5300000000000002         -0.6294096606661037
          4.5400000000000000         -0.6293033898867106
          4.5499999999999998         -0.6291986151412983
          4.5599999999999996         -0.6290953272096961
          4.5800000000000001         -0.6288931740003638
          4.5999999999999996         -0.6286968529304713
          4.6200000000000001         -0.6285062839758511
          4.6399999999999997         -0.6283213845550889
          4.6600000000000001         -0.6281420696778477
          4.6799999999999997         -0.6279682521035671
          4.7000000000000002         -0.6277998424925691
          4.7199999999999998         -0.6276367495689076
          4.7400000000000002         -0.6274788802830403
          4.7599999999999998         -0.6273261399780489
          4.7800000000000002         -0.6271784325551981
          4.7900000000000000         -0.6271064357904346
          4.7999999999999998         -0.6270356606393120
          4.8099999999999996         -0.6269660947584292
          4.8200000000000003         -0.6268977257440149
          4.8399999999999999         -0.6267645284399852
          4.8600000000000003         -0.6266359685188446
          4.8700000000000001         -0.6265733960861055
          4.8799999999999999         -0.6265119451484914
          4.8899999999999997         -0.6264516030319585
          4.9000000000000004         -0.6263923570437504
          4.9199999999999999         -0.6262771026103561
          4.9400000000000004         -0.6261660801068220
          4.9600000000000000         -0.6260591877853519
          4.9800000000000004         -0.6259563240381989
          5.0000000000000000         -0.6258573875359057
          5.0099999999999998         -0.6258093604448911
          5.0199999999999996         -0.6257622773591504
          5.0300000000000002         -0.6257161257495073
          5.0400000000000000         -0.6256708931267416
          5.0599999999999996         -0.6255831351168240
          5.0700000000000003         -0.6255405849906249
          5.0800000000000001         -0.6254989043808138
          5.0899999999999999         -0.6254580810576333
          5.0999999999999996         -0.6254181028532340
          5.2000000000000002         -0.6250621751875711
          5.2999999999999998         -0.6247779360828649
          5.4000000000000004         -0.6245546154069932
          5.5000000000000000         -0.6243824849088646
          5.6399999999999997         -0.6242112893572048
          5.6500000000000004         -0.6242017045928085
          5.6600000000000001         -0.6241924357252983
          5.6699999999999999         -0.6241834763395688
          5.6799999999999997         -0.6241748201188502
          5.6900000000000004         -0.6241664608483030
          5.7000000000000002         -0.6241583924095885
          5.7999999999999998         -0.6240924269818172
          5.8200000000000003         -0.6240821605269766
          5.8399999999999999         -0.6240727737130118
          5.8499999999999996         -0.6240683981437449
          5.8600000000000003         -0.6240642282193350
          5.8700000000000001         -0.6240602593584048
          5.8799999999999999         -0.6240564870589151
          5.9000000000000004         -0.6240495145408960
          5.9199999999999999         -0.6240432762424877
          5.9400000000000004         -0.6240377389708697
          5.9600000000000000         -0.6240328707335364
          5.9800000000000004         -0.6240286407045023
          6.0000000000000000         -0.6240250191900979
          6.0099999999999998         -0.6240234276497338
          6.0199999999999996         -0.6240219776003442
          6.0300000000000002         -0.6240206656353721
          6.0400000000000000         -0.6240194884130366
          6.0599999999999996         -0.6240175251440720
          6.0800000000000001         -0.6240160623170932
          6.0999999999999996         -0.6240150754310478
          6.1100000000000003         -0.6240147530690572
          6.1200000000000001         -0.6240145409314611
          6.1299999999999999         -0.6240144362169895
          6.1399999999999997         -0.6240144361793938
          6.1500000000000004         -0.6240145381282041
          6.1600000000000001         -0.6240147394245869
          6.1799999999999997         -0.6240154297742588
          6.2000000000000002         -0.6240164871673332
          6.2999999999999998         -0.6240266324048108
          6.3200000000000003         -0.6240295139330994
          6.3399999999999999         -0.6240326431225024
          6.3600000000000003         -0.6240360056270446
          6.3700000000000001         -0.6240377700556553
          6.3799999999999999         -0.6240395877078565
          6.3899999999999997         -0.6240414569563666
          6.4000000000000004         -0.6240433762117095
          6.4199999999999999         -0.6240473585502270
          6.4400000000000004         -0.6240515226783623
          6.4600000000000000         -0.6240558570752781
          6.4800000000000004         -0.6240603507256883
          6.5000000000000000         -0.6240649930988859
          7.0000000000000000         -0.6242066305264999
          7.2000000000000002         -0.6242664307840244
          7.4000000000000004         -0.6243239070440776
          7.5000000000000000         -0.6243514151553540
          7.5999999999999996         -0.6243780041734281
          7.7000000000000002         -0.6244036399116271
          7.7199999999999998         -0.6244086513562372
          7.7400000000000002         -0.6244136241782199
          7.7599999999999998         -0.6244185584086290
          7.7699999999999996         -0.6244210110683913
          7.7800000000000002         -0.6244234541028340
          7.7900000000000000         -0.6244258875225082
          7.7999999999999998         -0.6244283113392397
          7.8200000000000003         -0.6244331302178014
          7.8399999999999999         -0.6244379108592305
          7.8600000000000003         -0.6244426534027855
          7.8700000000000001         -0.6244450104361617
          7.8799999999999999         -0.6244473580057468
          7.8899999999999997         -0.6244496961331251
          7.9000000000000004         -0.6244520248418415
          7.9100000000000001         -0.6244543441561042
          8.0000000000000000         -0.6244747996441116
          8.0999999999999996         -0.6244966641800713
          8.1199999999999992         -0.6245009308318221
          8.1400000000000006         -0.6245051627527212
          8.1600000000000001         -0.6245093602509721
          8.1799999999999997         -0.6245135236390130
          8.1999999999999993         -0.6245176532342904
          8.2100000000000009         -0.6245197054601460
          8.2200000000000006         -0.6245217493585248
          8.2300000000000004         -0.6245237849707839
          8.2400000000000002         -0.6245258123375856
          8.2599999999999998         -0.6245298424995054
          8.2799999999999994         -0.6245338401760441
          8.3000000000000007         -0.6245378057004637
          8.4000000000000004         -0.6245571628418660
          8.5000000000000000         -0.6245757669455130
          8.5199999999999996         -0.6245794011323137
          8.5399999999999991         -0.6245830072274153
          8.5500000000000007         -0.6245847998451326
          8.5600000000000005         -0.6245865855650455
          8.5700000000000003         -0.6245883644289161
          8.5800000000000001         -0.6245901364782009
          8.5999999999999996         -0.6245936602968556
          8.6199999999999992         -0.6245971573503479
          8.6400000000000006         -0.6246006279649710
          8.6600000000000001         -0.6246040724651117
          8.6799999999999997         -0.6246074911716948
          8.6999999999999993         -0.6246108844045657
          8.8000000000000007         -0.6246274794222765
          9.0000000000000000         -0.6246589336287141
          9.0099999999999998         -0.6246604494565864
          9.0199999999999996         -0.6246619601156161
          9.0299999999999994         -0.6246634656378164
          9.0999999999999996         -0.6246738631436606
          9.1999999999999993         -0.6246883038842241
          9.2200000000000006         -0.6246911359865495
          9.2400000000000002         -0.6246939499314226
          9.2599999999999998         -0.6246967459361681
          9.2799999999999994         -0.6246995242133502
          9.2899999999999991         -0.6247009067695705
          9.3000000000000007         -0.6247022849717598
          9.3100000000000005         -0.6247036588454604
          9.3200000000000003         -0.6247050284160831
          9.3399999999999999         -0.6247077547467090
          9.3599999999999994         -0.6247104641605929
          9.3800000000000008         -0.6247131568500512
          9.4000000000000004         -0.6247158330038317
          9.4100000000000001         -0.6247171649376565
          9.4199999999999999         -0.6247184928063262
          9.4299999999999997         -0.6247198166323462
          9.4399999999999995         -0.6247211364378935
          9.4600000000000009         -0.6247237640751516
          9.4800000000000004         -0.6247263758908259
          9.5000000000000000         -0.6247289720535070
          9.8000000000000007         -0.6247661388129657
          9.9000000000000004         -0.6247778334146468
         10.0000000000000000         -0.6247892030163467
         10.0999999999999996         -0.6248002576640600
         10.1999999999999993         -0.6248110053959297
         10.2200000000000006         -0.6248131186863849
         10.2400000000000002         -0.6248152199927500
         10.2599999999999998         -0.6248173093535023
         10.2699999999999996         -0.6248183495651916
         10.2799999999999994         -0.6248193868035201
         10.2899999999999991         -0.6248204210723651
         10.3000000000000007         -0.6248214523756465
         10.3200000000000003         -0.6248235061005518
         10.3399999999999999         -0.6248255480053333
         10.3599999999999994         -0.6248275781154919
         10.3800000000000008         -0.6248295964536218
         10.4000000000000004         -0.6248316030401068
         10.5000000000000000         -0.6248414602619569
         10.5999999999999996         -0.6248510255288784
         10.6999999999999993         -0.6248602991341224
         10.8000000000000007         -0.6248692803803158
         10.9000000000000004         -0.6248779677925743
         11.0000000000000000         -0.6248863593375417
         11.0899999999999999         -0.6248936568047748
         11.0999999999999996         -0.6248944526436779
         11.1099999999999994         -0.6248952454751636
         11.1199999999999992         -0.6248960352968930
         11.1300000000000008         -0.6248968221058453
         11.1400000000000006         -0.6248976059005856
         11.1600000000000001         -0.6248991644352051
         11.1799999999999997         -0.6249007108814862
         11.1899999999999995         -0.6249014795653329
         11.1999999999999993         -0.6249022452203224
         11.2100000000000009         -0.6249030078437365
         11.2200000000000006         -0.6249037674329163
         11.2400000000000002         -0.6249052775015405
         11.2599999999999998         -0.6249067754077287
         11.2799999999999994         -0.6249082611352034
         11.3000000000000007         -0.6249097346671395
         11.4000000000000004         -0.6249169188730617
         11.5000000000000000         -0.6249237961962388
         11.5999999999999996         -0.6249303656217957
         11.6199999999999992         -0.6249316425225063
         11.6400000000000006         -0.6249329070959394
         11.6500000000000004         -0.6249335347613058
         11.6600000000000001         -0.6249341593460831
         11.6699999999999999         -0.6249347808513522
         11.6799999999999997         -0.6249353992779221
         11.6999999999999993         -0.6249366268971929
         11.7200000000000006         -0.6249378422121934
         11.7400000000000002         -0.6249390452321193
         11.7599999999999998         -0.6249402359678776
         11.7799999999999994         -0.6249414144318711
         11.8000000000000007         -0.6249425806380959
         11.9000000000000004         -0.6249482284042639
         12.0000000000000000         -0.6249535727495337
         12.0999999999999996         -0.6249586172416126
         12.1999999999999993         -0.6249633664558167
         12.3000000000000007         -0.6249678259449586
         12.4000000000000004         -0.6249720021893784
         12.5000000000000000         -0.6249759025288065
         13.0000000000000000         -0.6249915716362560
         13.5000000000000000         -0.6250017768185613
         14.0000000000000000         -0.6250078410975687
         14.0999999999999996         -0.6250086676835526
         14.1999999999999993         -0.6250093868013253
         14.3000000000000007         -0.6250100067973875
         14.4000000000000004         -0.6250105356046587
         14.5000000000000000         -0.6250109807375056
         14.5999999999999996         -0.6250113492912379
         14.6999999999999993         -0.6250116479448224
         14.8000000000000007         -0.6250118829682602
         14.9000000000000004         -0.6250120602316341
         15.0000000000000000         -0.6250121852158794
         15.0999999999999996         -0.6250122630270841
         15.1199999999999992         -0.6250122733522382
         15.1400000000000006         -0.6250122820177328
         15.1600000000000001         -0.6250122890590725
         15.1799999999999997         -0.6250122945116187
         15.1999999999999993         -0.6250122984098049
         15.2200000000000006         -0.6250123007880716
         15.2300000000000004         -0.6250123014178758
         15.2400000000000002         -0.6250123016798493
         15.2500000000000000         -0.6250123015785830
         15.2599999999999998         -0.6250123011179838
         15.2799999999999994         -0.6250122991354140
         15.3000000000000007         -0.6250122957639374
         15.4000000000000004         -0.6250122591592396
         15.5000000000000000         -0.6250121923541956
         15.5999999999999996         -0.6250120988100538
         15.6999999999999993         -0.6250119817106545
         15.7200000000000006         -0.6250119557254704
         15.7400000000000002         -0.6250119289380639
         15.7599999999999998         -0.6250119013697643
         15.7799999999999994         -0.6250118730422300
         15.8000000000000007         -0.6250118439764631
         15.8100000000000005         -0.6250118291730157
         15.8200000000000003         -0.6250118141928485
         15.8300000000000001         -0.6250117990385033
         15.8399999999999999         -0.6250117837120868
         15.8599999999999994         -0.6250117525536718
         15.8800000000000008         -0.6250117207370542
         15.9000000000000004         -0.6250116882821588
         16.0000000000000000         -0.6250115170722927
         16.1000000000000014         -0.6250113325759867
         16.1999999999999993         -0.6250111368225117
         16.3000000000000007         -0.6250109316545973
         16.3999999999999986         -0.6250107187428152
         16.5000000000000000         -0.6250104995967320
         16.6000000000000014         -0.6250102755796176
         16.6999999999999993         -0.6250100479163536
         16.8000000000000007         -0.6250098177076769
         16.8999999999999986         -0.6250095859377877
         17.0000000000000000         -0.6250093534848010
         17.5000000000000000         -0.6250082053406196
         18.0000000000000000         -0.6250071246323606
         18.5000000000000000         -0.6250061447760914
         19.0000000000000000         -0.6250052774040471
         19.5000000000000000         -0.6250045216588213
         20.0000000000000000         -0.6250038700471519
         20.5000000000000000         -0.6250033120165852
         21.0000000000000000         -0.6250028360773903
         21.5000000000000000         -0.6250024310014305
         22.0000000000000000         -0.6250020864442978
         22.5000000000000000         -0.6250017932157180
         23.0000000000000000         -0.6250015433435101
         23.5000000000000000         -0.6250013300211167
         24.0000000000000000         -0.6250011474951069
         24.5000000000000000         -0.6250009909316682
         25.0000000000000000         -0.6250008562809601
         25.5000000000000000         -0.6250007401558841
         26.0000000000000000         -0.6250006397245256
         26.5000000000000000         -0.6250005526202940
         27.0000000000000000         -0.6250004768629100
         27.5000000000000000         -0.6250004107937194
         28.0000000000000000         -0.6250003530190796
         28.5000000000000000         -0.6250003023653672
         29.0000000000000000         -0.6250002578405486
         29.5000000000000000         -0.6250002186051696
         30.0000000000000000         -0.6250001839464321
         31.0000000000000000         -0.6250001260278220
         32.0000000000000000         -0.6250000802360400
         32.1000000000000014         -0.6250000762080179
         32.2000000000000028         -0.6250000722704128
         32.2999999999999972         -0.6250000684203346
         32.3999999999999986         -0.6250000646557883
         32.5000000000000000         -0.6250000609747922
         32.6000000000000014         -0.6250000573750694
         32.7000000000000028         -0.6250000538545972
         32.7999999999999972         -0.6250000504114441
         32.8999999999999986         -0.6250000470435935
         33.0000000000000000         -0.6250000437492402
         33.1000000000000014         -0.6250000405264395
         33.2000000000000028         -0.6250000373734571
         33.2999999999999972         -0.6250000342887292
         33.3999999999999986         -0.6250000312704046
         33.5000000000000000         -0.6250000283169582
         33.6000000000000014         -0.6250000254266576
         33.6199999999999974         -0.6250000248561133
         33.6400000000000006         -0.6250000242878603
         33.6599999999999966         -0.6250000237222106
         33.6799999999999997         -0.6250000231588959
         33.7000000000000028         -0.6250000225980376
         33.7199999999999989         -0.6250000220396659
         33.7299999999999969         -0.6250000217613024
         33.7400000000000020         -0.6250000214836432
         33.7500000000000000         -0.6250000212064628
         33.7599999999999980         -0.6250000209299614
         33.7800000000000011         -0.6250000203786268
         33.7999999999999972         -0.6250000198296742
         33.8999999999999986         -0.6250000171199683
         34.0000000000000000         -0.6250000144678504
         34.1000000000000014         -0.6250000118713710
         34.2000000000000028         -0.6250000093295633
         34.2999999999999972         -0.6250000068411415
         34.3999999999999986         -0.6250000044044010
         34.5000000000000000         -0.6250000020186485
         34.6000000000000014         -0.6249999996823608
         34.7000000000000028         -0.6249999973944668
         34.7999999999999972         -0.6249999951538689
         34.8999999999999986         -0.6249999929593367
         35.0000000000000000         -0.6249999908098309
         36.0000000000000000         -0.6249999715728131
         37.0000000000000000         -0.6249999558359061
         38.0000000000000000         -0.6249999428884011
         45.0000000000000000         -0.6249998959631394
         50.0000000000000000         -0.6249998836417212
         55.0000000000000000         -0.6249998776680880
         60.0000000000000000         -0.6249998745211764
         70.0000000000000000         -0.6249998717509677
         80.0000000000000000         -0.6249998707077963
         90.0000000000000000         -0.6249998702570224
        100.0000000000000000         -0.6249998700583175
        200.0000000000000000         -0.6249998698534762
        300.0000000000000000         -0.6249998698504530
        400.0000000000000000         -0.6249998698506503
        500.0000000000000000         -0.6249998698502819
       1000.0000000000000000         -0.6249998698500966
