0.8000000000000000         -0.3684403205030913
1.0000000000000000         -0.5144490207498578
1.1000000000000001         -0.5584575763901517
1.2000000000000000         -0.5904248915464635
1.3000000000000000         -0.6136173358576966
1.3899999999999999         -0.6288815752784876
1.3999999999999999         -0.6303082860676165
1.4099999999999999         -0.6316865383789977
1.6000000000000001         -0.6502237627026253
1.7000000000000000         -0.6554998433595131
1.8000000000000000         -0.6586099987038390
1.8500000000000001         -0.6595250373312734
1.8600000000000001         -0.6596654000257018
1.8700000000000001         -0.6597929322961211
1.8799999999999999         -0.6599082878878442
1.8899999999999999         -0.6600121537056739
1.8999999999999999         -0.6601052427305288
1.9099999999999999         -0.6601882767900128
1.9199999999999999         -0.6602619568943172
1.9299999999999999         -0.6603269224411552
1.9399999999999999         -0.6603837064105219
1.9500000000000000         -0.6604326991124957
1.9600000000000000         -0.6604741334068261
1.9700000000000000         -0.6605080973102555
1.9800000000000000         -0.6605345690140584
1.9900000000000000         -0.6605534617344393
2.0000000000000000         -0.6605646655869404
2.0099999999999998         -0.6605680787647538
2.0200000000000000         -0.6605636262957610
2.0299999999999998         -0.6605512684222963
2.0400000000000000         -0.6605310019286683
2.0499999999999998         -0.6605028574636338
2.0600000000000001         -0.6604668950280392
2.0699999999999998         -0.6604231989727373
2.0800000000000001         -0.6603718732332621
2.0899999999999999         -0.6603130371021557
2.1000000000000001         -0.6602468216604916
2.2000000000000002         -0.6592115564728243
2.3999999999999999         -0.6555644060384735
2.4100000000000001         -0.6553412425839861
2.4199999999999999         -0.6551150288521768
2.4300000000000002         -0.6548858661709724
2.4399999999999999         -0.6546538538489826
2.6000000000000001         -0.6506279307458627
2.7000000000000002         -0.6479042212267191
2.7400000000000002         -0.6467890452985194
2.7400000000000002         -0.6467890452985194
2.7599999999999998         -0.6462278071870580
2.7999999999999998         -0.6451001395354086
2.8399999999999999         -0.6439681848984475
2.8599999999999999         -0.6434015348906071
2.8799999999999999         -0.6428349082907686
2.8900000000000001         -0.6425517099020999
2.8999999999999999         -0.6422686432020368
2.9199999999999999         -0.6417030656812490
2.9399999999999999         -0.6411384902063306
2.9600000000000000         -0.6405752201166738
2.9800000000000000         -0.6400135480362852
3.0400000000000000         -0.6383408936301445
3.0600000000000001         -0.6377883391309316
3.0800000000000001         -0.6372386983867346
3.1000000000000001         -0.6366922074817634
3.1050000000000000         -0.6365561037893467
3.1150000000000002         -0.6362845437166544
3.1200000000000001         -0.6361490942017698
3.1299999999999999         -0.6358788731503704
3.2000000000000002         -0.6340146971110863
3.2400000000000002         -0.6329731189367691
3.2500000000000000         -0.6327156446495874
3.2599999999999998         -0.6324593818999898
3.2700000000000000         -0.6322043516806134
3.2799999999999998         -0.6319505745813248
3.2900000000000000         -0.6316980707851296
3.2999999999999998         -0.6314468600848853
3.3999999999999999         -0.6290099485585219
3.5000000000000000         -0.6267212731403199
3.7000000000000002         -0.6226396402487595
3.7999999999999998         -0.6208634650743523
3.8999999999999999         -0.6192692621738392
4.5000000000000000         -0.6133356051088140
4.5000000000000000         -0.6133356051088140
4.5199999999999996         -0.6132327943610300
4.5300000000000002         -0.6131833365716128
4.5400000000000000         -0.6131351606249225
4.5499999999999998         -0.6130882540942025
4.5599999999999996         -0.6130426045436761
4.5800000000000001         -0.6129550266385186
4.5999999999999996         -0.6128723274476204
4.6200000000000001         -0.6127944076593197
4.6399999999999997         -0.6127211682480259
4.6600000000000001         -0.6126525105955708
4.6799999999999997         -0.6125883366065785
4.7000000000000002         -0.6125285488181694
4.7199999999999998         -0.6124730505066375
4.7400000000000002         -0.6124217457761666
4.7599999999999998         -0.6123745396529169
4.7800000000000002         -0.6123313381688509
4.7900000000000000         -0.6123112100930538
4.7999999999999998         -0.6122920484316389
4.8099999999999996         -0.6122738417500010
4.8200000000000003         -0.6122565786929106
4.8399999999999999         -0.6122248384128874
4.8600000000000003         -0.6121967383101612
4.8700000000000001         -0.6121840257802200
4.8799999999999999         -0.6121721904120868
4.8899999999999997         -0.6121612214174901
4.9000000000000004         -0.6121511080972286
4.9199999999999999         -0.6121334061269467
4.9400000000000004         -0.6121190006773228
4.9600000000000000         -0.6121078093605639
4.9800000000000004         -0.6120997512455063
5.0000000000000000         -0.6120947468709688
5.0099999999999998         -0.6120933654086729
5.0199999999999996         -0.6120927182512361
5.0300000000000002         -0.6120927958808354
5.0400000000000000         -0.6120935888775543
5.0599999999999996         -0.6120972837276943
5.0700000000000003         -0.6121001671933134
5.0800000000000001         -0.6121037292503680
5.0899999999999999         -0.6121079609289086
5.0999999999999996         -0.6121128533579041
5.2000000000000002         -0.6121962306848683
5.2999999999999998         -0.6123365748979510
5.4000000000000004         -0.6125264092746154
5.5000000000000000         -0.6127589953651484
5.6399999999999997         -0.6131449405507708
5.6500000000000004         -0.6131748540715549
5.6600000000000001         -0.6132050525060516
5.6699999999999999         -0.6132355308185733
5.6799999999999997         -0.6132662840202361
5.6900000000000004         -0.6132973071646012
5.7000000000000002         -0.6133285953472872
5.7999999999999998         -0.6136550050400934
5.8200000000000003         -0.6137229977589576
5.8399999999999999         -0.6137918103448916
5.8499999999999996         -0.6138265132287375
5.8600000000000003         -0.6138614081170640
5.8700000000000001         -0.6138964907637782
5.8799999999999999         -0.6139317569613691
5.9000000000000004         -0.6140028233368451
5.9199999999999999         -0.6140745742679625
5.9400000000000004         -0.6141469773259390
5.9600000000000000         -0.6142200006341919
5.9800000000000004         -0.6142936128518336
6.0000000000000000         -0.6143677831774097
6.0099999999999998         -0.6144050681461140
6.0199999999999996         -0.6144424813300615
6.0300000000000002         -0.6144800190272403
6.0400000000000000         -0.6145176775647203
6.0599999999999996         -0.6145933426472947
6.0800000000000001         -0.6146694478635448
6.0999999999999996         -0.6147459650129876
6.1100000000000003         -0.6147843693876391
6.1200000000000001         -0.6148228664004182
6.1299999999999999         -0.6148614526690204
6.1399999999999997         -0.6149001248419164
6.1500000000000004         -0.6149388795998894
6.1600000000000001         -0.6149777136516069
6.1799999999999997         -0.6150556066486679
6.2000000000000002         -0.6151337781472351
6.2999999999999998         -0.6155279487034234
6.3200000000000003         -0.6156072793862095
6.3399999999999999         -0.6156867225081113
6.3600000000000003         -0.6157662562780899
6.3700000000000001         -0.6158060504759286
6.3799999999999999         -0.6158458593811070
6.3899999999999997         -0.6158856804014370
6.4000000000000004         -0.6159255109764183
6.4199999999999999         -0.6160051906943609
6.4400000000000004         -0.6160848786276791
6.4600000000000000         -0.6161645553400361
6.4800000000000004         -0.6162442018511369
6.5000000000000000         -0.6163237996371643
7.0000000000000000         -0.6182526339663110
7.2000000000000002         -0.6189664966607942
7.4000000000000004         -0.6196357127567644
7.5000000000000000         -0.6199522730598175
7.5999999999999996         -0.6202563892702837
7.7000000000000002         -0.6205479008078798
7.7199999999999998         -0.6206046836727972
7.7400000000000002         -0.6206609596423220
7.7599999999999998         -0.6207167288139144
7.7699999999999996         -0.6207444234169172
7.7800000000000002         -0.6207719914158421
7.7900000000000000         -0.6207994328593347
7.7999999999999998         -0.6208267478028326
7.8200000000000003         -0.6208809984520955
7.8399999999999999         -0.6209347439588323
7.8600000000000003         -0.6209879850336396
7.8700000000000001         -0.6210144166613206
7.8799999999999999         -0.6210407224972982
7.8899999999999997         -0.6210669026612713
7.9000000000000004         -0.6210929572787516
7.9100000000000001         -0.6211188864821332
8.0000000000000000         -0.6213466305144530
8.0999999999999996         -0.6215879316326391
8.1199999999999992         -0.6216347254555536
8.1400000000000006         -0.6216810348843913
8.1600000000000001         -0.6217268619445191
8.1799999999999997         -0.6217722087262094
8.1999999999999993         -0.6218170773818834
8.2100000000000009         -0.6218393331022031
8.2200000000000006         -0.6218614701222694
8.2300000000000004         -0.6218834887297695
8.2400000000000002         -0.6219053892152298
8.2599999999999998         -0.6219488369811553
8.2799999999999994         -0.6219918157968927
8.3000000000000007         -0.6220343280832651
8.4000000000000004         -0.6222399796590955
8.5000000000000000         -0.6224343566766484
8.5199999999999996         -0.6224719093478506
8.5399999999999991         -0.6225090277377346
8.5500000000000007         -0.6225274249795201
8.5600000000000005         -0.6225457147414222
8.5700000000000003         -0.6225638973863101
8.5800000000000001         -0.6225819732821385
8.5999999999999996         -0.6226178063018117
8.6199999999999992         -0.6226532167649004
8.6400000000000006         -0.6226882076574085
8.6600000000000001         -0.6227227819855516
8.6799999999999997         -0.6227569427707209
8.6999999999999993         -0.6227906930520355
8.8000000000000007         -0.6229533942831774
9.0000000000000000         -0.6232497908820425
9.0099999999999998         -0.6232636381172489
9.0199999999999996         -0.6232773956177216
9.0299999999999994         -0.6232910637799646
9.0999999999999996         -0.6233842726250616
9.1999999999999993         -0.6235101362209878
9.2200000000000006         -0.6235343093833464
9.2400000000000002         -0.6235581566719339
9.2599999999999998         -0.6235816812061445
9.2799999999999994         -0.6236048860995546
9.2899999999999991         -0.6236163696534816
9.3000000000000007         -0.6236277744613116
9.3100000000000005         -0.6236391009097455
9.3200000000000003         -0.6236503493869159
9.3399999999999999         -0.6236726139663057
9.3599999999999994         -0.6236945712825956
9.3800000000000008         -0.6237162244035300
9.4000000000000004         -0.6237375763941237
9.4100000000000001         -0.6237481404190233
9.4199999999999999         -0.6237586303044499
9.4299999999999997         -0.6237690464299671
9.4399999999999995         -0.6237793891769405
9.4600000000000009         -0.6237998560386925
9.4800000000000004         -0.6238200339101931
9.5000000000000000         -0.6238399258001456
9.8000000000000007         -0.6241059918801308
9.9000000000000004         -0.6241822225297957
10.0000000000000000         -0.6242528020132310
10.1000000000000000         -0.6243180617353100
10.1999999999999990         -0.6243783222735502
10.2200000000000010         -0.6243898019070364
10.2400000000000000         -0.6244010964075051
10.2600000000000000         -0.6244122081776003
10.2700000000000000         -0.6244176962833079
10.2799999999999990         -0.6244231395994163
10.2899999999999990         -0.6244285384213173
10.3000000000000010         -0.6244338930413674
10.3200000000000000         -0.6244444708483231
10.3400000000000000         -0.6244548753499386
10.3599999999999990         -0.6244651088538671
10.3800000000000010         -0.6244751736535077
10.4000000000000000         -0.6244850720190644
10.5000000000000000         -0.6245321455468228
10.6000000000000000         -0.6245753881553575
10.6999999999999990         -0.6246150624494108
10.8000000000000010         -0.6246514190279647
10.9000000000000000         -0.6246846964432855
11.0000000000000000         -0.6247151211967886
11.0900000000000000         -0.6247402419744383
11.1000000000000000         -0.6247429077815806
11.1099999999999990         -0.6247455492421079
11.1199999999999990         -0.6247481665526821
11.1300000000000010         -0.6247507599077643
11.1400000000000010         -0.6247533295013775
11.1600000000000000         -0.6247583981716510
11.1800000000000000         -0.6247633740904127
11.1900000000000000         -0.6247658277395512
11.1999999999999990         -0.6247682587644825
11.2100000000000010         -0.6247706673507760
11.2200000000000010         -0.6247730536825821
11.2400000000000000         -0.6247777603145529
11.2600000000000000         -0.6247823801123544
11.2799999999999990         -0.6247869145084141
11.3000000000000010         -0.6247913649179576
11.4000000000000000         -0.6248124053995159
11.5000000000000000         -0.6248315479865758
11.6000000000000000         -0.6248489493591221
11.6199999999999990         -0.6248522337139433
11.6400000000000010         -0.6248554554067757
11.6500000000000000         -0.6248570430993905
11.6600000000000000         -0.6248586155381075
11.6700000000000000         -0.6248601728571458
11.6800000000000000         -0.6248617151909381
11.6999999999999990         -0.6248647554341994
11.7200000000000010         -0.6248677373186706
11.7400000000000000         -0.6248706618799625
11.7600000000000000         -0.6248735301376018
11.7799999999999990         -0.6248763430962637
11.8000000000000010         -0.6248791017446300
11.9000000000000000         -0.6248921138594751
12.0000000000000000         -0.6249039078379274
12.1000000000000000         -0.6249145907084892
12.1999999999999990         -0.6249242609658022
12.3000000000000010         -0.6249330090806952
12.4000000000000000         -0.6249409180104722
12.5000000000000000         -0.6249480637036318
13.0000000000000000         -0.6249745725416644
13.5000000000000000         -0.6249901802082827
14.0000000000000000         -0.6249991030126848
14.1000000000000000         -0.6250003357527316
14.1999999999999990         -0.6250014239093962
14.3000000000000010         -0.6250023813200539
14.4000000000000000         -0.6250032205542340
14.5000000000000000         -0.6250039530319822
14.6000000000000000         -0.6250045891272440
14.6999999999999990         -0.6250051382652535
14.8000000000000010         -0.6250056090092407
14.9000000000000000         -0.6250060091387264
15.0000000000000000         -0.6250063457221809
15.1000000000000000         -0.6250066251805895
15.1199999999999990         -0.6250066747403149
15.1400000000000010         -0.6250067222940746
15.1600000000000000         -0.6250067678851370
15.1800000000000000         -0.6250068115556219
15.1999999999999990         -0.6250068533469607
15.2200000000000010         -0.6250068933004620
15.2300000000000000         -0.6250069126002334
15.2400000000000000         -0.6250069314556026
15.2500000000000000         -0.6250069498710460
15.2600000000000000         -0.6250069678515754
15.2799999999999990         -0.6250070025270715
15.3000000000000010         -0.6250070355197725
15.4000000000000000         -0.6250071765099151
15.5000000000000000         -0.6250072806869571
15.6000000000000000         -0.6250073520173475
15.6999999999999990         -0.6250073941007206
15.7200000000000010         -0.6250073993008357
15.7400000000000000         -0.6250074034872716
15.7600000000000000         -0.6250074066840261
15.7799999999999990         -0.6250074089151361
15.8000000000000010         -0.6250074102035190
15.8100000000000000         -0.6250074105013289
15.8200000000000000         -0.6250074105719735
15.8300000000000000         -0.6250074104183472
15.8400000000000000         -0.6250074100428586
15.8599999999999990         -0.6250074086386981
15.8800000000000010         -0.6250074063797312
15.9000000000000000         -0.6250074032879013
16.0000000000000000         -0.6250073760395706
16.1000000000000010         -0.6250073308921911
16.1999999999999990         -0.6250072700499983
16.3000000000000010         -0.6250071955073724
16.3999999999999990         -0.6250071090689485
16.5000000000000000         -0.6250070123647293
16.6000000000000010         -0.6250069068673738
16.6999999999999990         -0.6250067939047842
16.8000000000000010         -0.6250066746730772
16.8999999999999990         -0.6250065502490363
17.0000000000000000         -0.6250064216004991
17.5000000000000000         -0.6250057423819207
18.0000000000000000         -0.6250050548641950
18.5000000000000000         -0.6250044028333753
19.0000000000000000         -0.6250038077919284
19.5000000000000000         -0.6250032779034227
20.0000000000000000         -0.6250028136213619
20.5000000000000000         -0.6250024111973516
21.0000000000000000         -0.6250020648479673
21.5000000000000000         -0.6250017680571169
22.0000000000000000         -0.6250015143306402
22.5000000000000000         -0.6250012976043605
23.0000000000000000         -0.6250011124346280
23.5000000000000000         -0.6250009540600421
24.0000000000000000         -0.6250008183846265
24.5000000000000000         -0.6250007019215823
25.0000000000000000         -0.6250006017211460
25.5000000000000000         -0.6250005152977962
26.0000000000000000         -0.6250004405616792
26.5000000000000000         -0.6250003757585929
27.0000000000000000         -0.6250003194165215
27.5000000000000000         -0.6250002702999928
28.0000000000000000         -0.6250002273692105
28.5000000000000000         -0.6250001897476586
29.0000000000000000         -0.6250001566943862
29.5000000000000000         -0.6250001275811788
30.0000000000000000         -0.6250001018756074
31.0000000000000000         -0.6250000589448259
32.0000000000000000         -0.6250000250294686
32.1000000000000010         -0.6250000220476621
32.2000000000000030         -0.6250000191326799
32.2999999999999970         -0.6250000162829833
32.3999999999999990         -0.6250000134968948
32.5000000000000000         -0.6250000107726378
32.6000000000000010         -0.6250000081089241
32.7000000000000030         -0.6250000055039036
32.7999999999999970         -0.6250000029563447
32.8999999999999990         -0.6250000004647771
33.0000000000000000         -0.6249999980276737
33.1000000000000010         -0.6249999956439960
33.2000000000000030         -0.6249999933119245
33.2999999999999970         -0.6249999910305237
33.3999999999999990         -0.6249999887985285
33.5000000000000000         -0.6249999866146118
33.6000000000000010         -0.6249999844778434
33.6199999999999970         -0.6249999840558489
33.6400000000000010         -0.6249999836358610
33.6599999999999970         -0.6249999832176090
33.6800000000000000         -0.6249999828012565
33.7000000000000030         -0.6249999823866201
33.7199999999999990         -0.6249999819738197
33.7299999999999970         -0.6249999817680659
33.7400000000000020         -0.6249999815626940
33.7500000000000000         -0.6249999813578409
33.7599999999999980         -0.6249999811535517
