          0.8000000000000000         -0.3618060981464652
          1.0000000000000000         -0.5080534703703914
          1.1000000000000001         -0.5525789846437351
          1.2000000000000000         -0.5852494568702916
          1.3000000000000000         -0.6091360555695089
          1.3899999999999999         -0.6250186092759599
          1.3999999999999999         -0.6265137036580338
          1.4099999999999999         -0.6279602825777350
          1.6000000000000001         -0.6477870875418819
          1.7000000000000000         -0.6537362921948259
          1.8000000000000000         -0.6575092251033889
          1.8500000000000001         -0.6587413501037566
          1.8600000000000001         -0.6589424002367028
          1.8700000000000001         -0.6591292376098119
          1.8799999999999999         -0.6593022343958472
          1.8899999999999999         -0.6594617539107329
          1.8999999999999999         -0.6596081508920725
          1.9099999999999999         -0.6597417717740109
          1.9199999999999999         -0.6598629549459701
          1.9299999999999999         -0.6599720310134209
          1.9399999999999999         -0.6600693230463132
          1.9500000000000000         -0.6601551468248291
          1.9600000000000000         -0.6602298110744721
          1.9700000000000000         -0.6602936177010779
          1.9800000000000000         -0.6603468620168894
          1.9900000000000000         -0.6603898329602966
          2.0000000000000000         -0.6604228133185888
          2.0099999999999998         -0.6604460799349686
          2.0200000000000000         -0.6604599039223098
          2.0299999999999998         -0.6604645508661071
          2.0400000000000000         -0.6604602810284588
          2.0499999999999998         -0.6604473495462702
          2.0600000000000001         -0.6604260066284260
          2.0699999999999998         -0.6603964977505167
          2.0800000000000001         -0.6603590638463032
          2.0899999999999999         -0.6603139415008237
          2.1000000000000001         -0.6602613631383135
          2.2000000000000002         -0.6593740368144474
          2.3999999999999999         -0.6562545029269695
          2.4100000000000001         -0.6560727737401656
          2.4199999999999999         -0.6558901050071047
          2.4300000000000002         -0.6557067250969864
          2.4399999999999999         -0.6555228688082091
          2.6000000000000001         -0.6527456760114321
          2.7000000000000002         -0.6516255656772406
          2.7400000000000002         -0.6514680195098370
          2.7500000000000000         -0.6514637988419413
          2.7599999999999998         -0.6514751613857304
          2.7999999999999998         -0.6516900924513029
          2.8399999999999999         -0.6522006795179820
          2.8599999999999999         -0.6525713262802374
          2.8799999999999999         -0.6530169142581351
          2.8900000000000001         -0.6532664810508573
          2.8999999999999999         -0.6535328769154221
          2.9199999999999999         -0.6541122288891987
          2.9399999999999999         -0.6547458435343954
          2.9600000000000000         -0.6554228710540196
          2.9800000000000000         -0.6561312262495227
          3.0400000000000000         -0.6583148831424559
          3.0600000000000001         -0.6590192038975256
          3.0800000000000001         -0.6596913878850893
          3.1000000000000001         -0.6603205386062332
          3.1050000000000000         -0.6604699401631625
          3.1150000000000002         -0.6607582999736012
          3.1200000000000001         -0.6608970022651979
          3.1299999999999999         -0.6611628600601940
          3.2000000000000002         -0.6625391049137108
          3.2400000000000002         -0.6629178560158053
          3.2500000000000000         -0.6629668672278715
          3.2599999999999998         -0.6629983679514765
          3.2700000000000000         -0.6630128628816779
          3.2799999999999998         -0.6630109105638868
          3.2900000000000000         -0.6629931126604982
          3.2999999999999998         -0.6629601036360471
          3.3999999999999999         -0.6619398054006917
          3.5000000000000000         -0.6600819364670849
          3.7000000000000002         -0.6553757094721906
          3.7999999999999998         -0.6529007886518854
          3.8999999999999999         -0.6504638492265342
          4.4000000000000004         -0.6399197255873645
          4.5000000000000000         -0.6382195604493521
          4.5199999999999996         -0.6378965339971684
          4.5300000000000002         -0.6377371330817954
          4.5400000000000000         -0.6375791366256995
          4.5499999999999998         -0.6374225415736500
          4.5599999999999996         -0.6372673446828299
          4.5800000000000001         -0.6369611314835077
          4.5999999999999996         -0.6366604674474523
          4.6200000000000001         -0.6363653202303539
          4.6399999999999997         -0.6360756548567604
          4.6600000000000001         -0.6357914338400640
          4.6799999999999997         -0.6355126173052531
          4.7000000000000002         -0.6352391631041595
          4.7199999999999998         -0.6349710269310819
          4.7400000000000002         -0.6347081624310943
          4.7599999999999998         -0.6344505213096633
          4.7800000000000002         -0.6341980534421685
          4.7900000000000000         -0.6340737433371213
          4.7999999999999998         -0.6339507069690694
          4.8099999999999996         -0.6338289376029735
          4.8200000000000003         -0.6337084284080137
          4.8399999999999999         -0.6334711627439079
          4.8600000000000003         -0.6332388535340623
          4.8700000000000001         -0.6331245395943368
          4.8799999999999999         -0.6330114429994523
          4.8899999999999997         -0.6328995563377324
          4.9000000000000004         -0.6327888721193566
          4.9199999999999999         -0.6325710807259209
          4.9400000000000004         -0.6323580075902883
          4.9600000000000000         -0.6321495905173604
          4.9800000000000004         -0.6319457664277651
          5.0000000000000000         -0.6317464714404368
          5.0099999999999998         -0.6316485022019735
          5.0199999999999996         -0.6315516409653543
          5.0300000000000002         -0.6314558795594410
          5.0400000000000000         -0.6313612097764361
          5.0599999999999996         -0.6311751120907660
          5.0700000000000003         -0.6310836676237691
          5.0800000000000001         -0.6309932816522471
          5.0899999999999999         -0.6309039458339238
          5.0999999999999996         -0.6308156518020069
          5.2000000000000002         -0.6299881592519230
          5.2999999999999998         -0.6292555740183907
          5.4000000000000004         -0.6286095126648523
          5.5000000000000000         -0.6280417952529946
          5.6399999999999997         -0.6273637525121574
          5.6500000000000004         -0.6273200693559284
          5.6600000000000001         -0.6272769814011768
          5.6699999999999999         -0.6272344817518982
          5.6799999999999997         -0.6271925635688094
          5.6900000000000004         -0.6271512200627704
          5.7000000000000002         -0.6271104444991412
          5.7999999999999998         -0.6267324827287341
          5.8200000000000003         -0.6266630597300964
          5.8399999999999999         -0.6265955781723744
          5.8499999999999996         -0.6265625505495342
          5.8600000000000003         -0.6265299905353551
          5.8700000000000001         -0.6264978923285179
          5.8799999999999999         -0.6264662501836908
          5.9000000000000004         -0.6264043113682010
          5.9199999999999999         -0.6263441292212497
          5.9400000000000004         -0.6262856597541425
          5.9600000000000000         -0.6262288598543212
          5.9800000000000004         -0.6261736872790812
          6.0000000000000000         -0.6261201006505406
          6.0099999999999998         -0.6260938893706463
          6.0199999999999996         -0.6260680594496537
          6.0300000000000002         -0.6260426059553167
          6.0400000000000000         -0.6260175240083197
          6.0599999999999996         -0.6259684555032150
          6.0800000000000001         -0.6259208159464793
          6.0999999999999996         -0.6258745681769227
          6.1100000000000003         -0.6258519548236521
          6.1200000000000001         -0.6258296758523122
          6.1299999999999999         -0.6258077268462838
          6.1399999999999997         -0.6257861034387804
          6.1500000000000004         -0.6257648013125259
          6.1600000000000001         -0.6257438161997025
          6.1799999999999997         -0.6257027801887172
          6.2000000000000002         -0.6256629622341933
          6.2999999999999998         -0.6254810353736774
          6.3200000000000003         -0.6254478713077729
          6.3399999999999999         -0.6254157139223276
          6.3600000000000003         -0.6253845358533798
          6.3700000000000001         -0.6253693056949740
          6.3799999999999999         -0.6253543104077935
          6.3899999999999997         -0.6253395467578875
          6.4000000000000004         -0.6253250115517841
          6.4199999999999999         -0.6252966138983209
          6.4400000000000004         -0.6252690926941022
          6.4600000000000000         -0.6252424238094449
          6.4800000000000004         -0.6252165837230390
          6.5000000000000000         -0.6251915495115935
          7.0000000000000000         -0.6247713737310816
          7.2000000000000002         -0.6246823283085985
          7.4000000000000004         -0.6246218886135031
          7.5000000000000000         -0.6246000065535311
          7.5999999999999996         -0.6245826569522903
          7.7000000000000002         -0.6245691975574561
          7.7199999999999998         -0.6245669221624706
          7.7400000000000002         -0.6245647758087114
          7.7599999999999998         -0.6245627545379375
          7.7699999999999996         -0.6245617896028101
          7.7800000000000002         -0.6245608545049002
          7.7900000000000000         -0.6245599487807751
          7.7999999999999998         -0.6245590719732563
          7.8200000000000003         -0.6245574033116801
          7.8399999999999999         -0.6245558449934950
          7.8600000000000003         -0.6245543935915420
          7.8700000000000001         -0.6245537069396726
          7.8799999999999999         -0.6245530457758393
          7.8899999999999997         -0.6245524096978817
          7.9000000000000004         -0.6245517983106328
          7.9100000000000001         -0.6245512112241781
          8.0000000000000000         -0.6245469593136357
          8.0999999999999996         -0.6245441937727519
          8.1199999999999992         -0.6245438611907059
          8.1400000000000006         -0.6245435966205071
          8.1600000000000001         -0.6245433978407386
          8.1799999999999997         -0.6245432626930227
          8.1999999999999993         -0.6245431890807690
          8.2100000000000009         -0.6245431747118130
          8.2200000000000006         -0.6245431749673253
          8.2300000000000004         -0.6245431896019875
          8.2400000000000002         -0.6245432183739295
          8.2599999999999998         -0.6245433173790483
          8.2799999999999994         -0.6245434701155969
          8.3000000000000007         -0.6245436747708097
          8.4000000000000004         -0.6245454169177669
          8.5000000000000000         -0.6245482132819569
          8.5199999999999996         -0.6245488832410980
          8.5399999999999991         -0.6245495870252841
          8.5500000000000007         -0.6245499512125179
          8.5600000000000005         -0.6245503233937612
          8.5700000000000003         -0.6245507034193256
          8.5800000000000001         -0.6245510911419798
          8.5999999999999996         -0.6245518891009112
          8.6199999999999992         -0.6245527161343297
          8.6400000000000006         -0.6245535711399561
          8.6600000000000001         -0.6245544530468842
          8.6799999999999997         -0.6245553608151952
          8.6999999999999993         -0.6245562934361218
          8.8000000000000007         -0.6245612960072365
          9.0000000000000000         -0.6245726619044105
          9.0099999999999998         -0.6245732677298212
          9.0199999999999996         -0.6245738765254050
          9.0299999999999994         -0.6245744882156645
          9.0999999999999996         -0.6245788450011291
          9.1999999999999993         -0.6245852620121739
          9.2200000000000006         -0.6245865678997243
          9.2400000000000002         -0.6245878802027607
          9.2599999999999998         -0.6245891984861263
          9.2799999999999994         -0.6245905223283860
          9.2899999999999991         -0.6245911862054720
          9.3000000000000007         -0.6245918513202148
          9.3100000000000005         -0.6245925176226983
          9.3200000000000003         -0.6245931850647926
          9.3399999999999999         -0.6245945231783926
          9.3599999999999994         -0.6245958652879491
          9.3800000000000008         -0.6245972110319256
          9.4000000000000004         -0.6245985600605028
          9.4100000000000001         -0.6245992357001854
          9.4199999999999999         -0.6245999120342245
          9.4299999999999997         -0.6246005890219465
          9.4399999999999995         -0.6246012666235075
          9.4600000000000009         -0.6246026235102864
          9.4800000000000004         -0.6246039823849951
          9.5000000000000000         -0.6246053429485099
          9.8000000000000007         -0.6246257768255230
          9.9000000000000004         -0.6246325220126414
         10.0000000000000000         -0.6246391972238070
         10.1000000000000000         -0.6246457853288255
         10.1999999999999990         -0.6246522718990856
         10.2200000000000010         -0.6246535559261576
         10.2400000000000000         -0.6246548353145067
         10.2600000000000000         -0.6246561099800262
         10.2700000000000000         -0.6246567455164123
         10.2799999999999990         -0.6246573798421909
         10.2899999999999990         -0.6246580129476866
         10.3000000000000010         -0.6246586448232341
         10.3200000000000000         -0.6246599048481274
         10.3400000000000000         -0.6246611598444241
         10.3599999999999990         -0.6246624097424736
         10.3800000000000010         -0.6246636544747330
         10.4000000000000000         -0.6246648939768575
         10.5000000000000000         -0.6246710109337458
         10.6000000000000000         -0.6246769887178644
         10.6999999999999990         -0.6246828215871630
         10.8000000000000010         -0.6246885048484979
         10.9000000000000000         -0.6246940346964988
         11.0000000000000000         -0.6246994080723306
         11.0900000000000000         -0.6247041083058460
         11.1000000000000000         -0.6247046225444970
         11.1099999999999990         -0.6247051351746109
         11.1199999999999990         -0.6247056461942776
         11.1300000000000010         -0.6247061556023233
         11.1400000000000010         -0.6247066633970579
         11.1600000000000000         -0.6247076741405005
         11.1800000000000000         -0.6247086784128101
         11.1900000000000000         -0.6247091781185528
         11.1999999999999990         -0.6247096762026102
         11.2100000000000010         -0.6247101726631002
         11.2200000000000010         -0.6247106674992843
         11.2400000000000000         -0.6247116522934100
         11.2600000000000000         -0.6247126305748306
         11.2799999999999990         -0.6247136023347865
         11.3000000000000010         -0.6247145675648081
         11.4000000000000000         -0.6247192955009795
         11.5000000000000000         -0.6247238591608058
         11.6000000000000000         -0.6247282579158537
         11.6199999999999990         -0.6247291178355274
         11.6400000000000010         -0.6247299711375562
         11.6500000000000000         -0.6247303953060144
         11.6600000000000000         -0.6247308178190170
         11.6700000000000000         -0.6247312386761935
         11.6800000000000000         -0.6247316578774491
         11.6999999999999990         -0.6247324913099969
         11.7200000000000010         -0.6247333181147654
         11.7400000000000000         -0.6247341382894377
         11.7600000000000000         -0.6247349518325269
         11.7799999999999990         -0.6247357587413703
         11.8000000000000010         -0.6247365590148413
         11.9000000000000000         -0.6247404607967670
         12.0000000000000000         -0.6247441964880264
         12.1000000000000000         -0.6247477659670069
         12.1999999999999990         -0.6247511691449263
         12.3000000000000010         -0.6247544059602637
         12.4000000000000000         -0.6247574763798074
         12.5000000000000000         -0.6247603804099218
         13.0000000000000000         -0.6247724107629431
         13.5000000000000000         -0.6247803657772985
         14.0000000000000000         -0.6247845961407718
         14.1000000000000000         -0.6247850645680876
         14.1999999999999990         -0.6247854305090963
         14.3000000000000010         -0.6247857067415928
         14.4000000000000000         -0.6247859073269765
         14.5000000000000000         -0.6247860474568567
         14.6000000000000000         -0.6247861432338324
         14.6999999999999990         -0.6247862113913799
         14.8000000000000010         -0.6247862689647072
         14.9000000000000000         -0.6247863329271258
         15.0000000000000000         -0.6247864198128730
         15.1000000000000000         -0.6247865453485759
         15.1199999999999990         -0.6247865764004115
         15.1400000000000010         -0.6247866096959827
         15.1600000000000000         -0.6247866453433433
         15.1800000000000000         -0.6247866834480325
         15.1999999999999990         -0.6247867241125570
         15.2200000000000010         -0.6247867674370633
         15.2300000000000000         -0.6247867901274426
         15.2400000000000000         -0.6247868135193009
         15.2500000000000000         -0.6247868376240898
         15.2600000000000000         -0.6247868624538235
         15.2799999999999990         -0.6247869143325324
         15.3000000000000010         -0.6247869692443505
         15.4000000000000000         -0.6247872922148016
         15.5000000000000000         -0.6247877026677948
         15.6000000000000000         -0.6247882083353556
         15.6999999999999990         -0.6247888150207412
         15.7200000000000010         -0.6247889488577560
         15.7400000000000000         -0.6247890869206681
         15.7600000000000000         -0.6247892292293715
         15.7799999999999990         -0.6247893758009593
         15.8000000000000010         -0.6247895266496640
         15.8100000000000000         -0.6247896036819161
         15.8200000000000000         -0.6247896817874179
         15.8300000000000000         -0.6247897609674330
         15.8400000000000000         -0.6247898412229032
         15.8599999999999990         -0.6247900049626173
         15.8800000000000010         -0.6247901730105665
         15.9000000000000000         -0.6247903453679138
         16.0000000000000000         -0.6247912716843269
         16.1000000000000010         -0.6247923046389950
         16.1999999999999990         -0.6247934419919030
         16.3000000000000010         -0.6247946804138665
         16.3999999999999990         -0.6247960156794310
         16.5000000000000000         -0.6247974428490086
         16.6000000000000010         -0.6247989564405912
         16.6999999999999990         -0.6248005505821452
         16.8000000000000010         -0.6248022191507068
         16.8999999999999990         -0.6248039558899162
         17.0000000000000000         -0.6248057545119410
         17.5000000000000000         -0.6248154629734380
         18.0000000000000000         -0.6248258662016807
         18.5000000000000000         -0.6248364255689963
         19.0000000000000000         -0.6248467754345550
         19.5000000000000000         -0.6248566914084885
         20.0000000000000000         -0.6248660513802522
         20.5000000000000000         -0.6248748017456880
         21.0000000000000000         -0.6248829319701179
         21.5000000000000000         -0.6248904570977823
         22.0000000000000000         -0.6248974065285444
         22.5000000000000000         -0.6249038170863369
         23.0000000000000000         -0.6249097287011709
         23.5000000000000000         -0.6249151816277285
         24.0000000000000000         -0.6249202146730285
         24.5000000000000000         -0.6249248641928122
         25.0000000000000000         -0.6249291636757512
         25.5000000000000000         -0.6249331437222946
         26.0000000000000000         -0.6249368322116861
         26.5000000000000000         -0.6249402545132205
         27.0000000000000000         -0.6249434336668525
         27.5000000000000000         -0.6249463905362472
         28.0000000000000000         -0.6249491439558506
         28.5000000000000000         -0.6249517108986892
         29.0000000000000000         -0.6249541066686843
         29.5000000000000000         -0.6249563450988131
         30.0000000000000000         -0.6249584387354543
         31.0000000000000000         -0.6249622362553748
         32.0000000000000000         -0.6249655788417375
         32.1000000000000010         -0.6249658907243008
         32.2000000000000030         -0.6249661987855135
         32.2999999999999970         -0.6249665030837842
         32.3999999999999990         -0.6249668036757301
         32.5000000000000000         -0.6249671006177853
         32.6000000000000010         -0.6249673939641702
         32.7000000000000030         -0.6249676837693701
         32.7999999999999970         -0.6249679700860443
         32.8999999999999990         -0.6249682529658971
         33.0000000000000000         -0.6249685324601190
         33.1000000000000010         -0.6249688086186277
         33.2000000000000030         -0.6249690814906144
         33.2999999999999970         -0.6249693511245699
         33.3999999999999990         -0.6249696175674677
         33.5000000000000000         -0.6249698808662867
         33.6000000000000010         -0.6249701410666414
         33.6199999999999970         -0.6249701927388124
         33.6400000000000010         -0.6249702442891609
         33.6599999999999970         -0.6249702957183716
         33.6800000000000000         -0.6249703470261107
         33.7000000000000030         -0.6249703982133186
         33.7199999999999990         -0.6249704492800905
         33.7299999999999970         -0.6249704747686493
         33.7400000000000020         -0.6249705002269645
         33.7500000000000000         -0.6249705256555118
         33.7599999999999980         -0.6249705510541266
         33.7800000000000010         -0.6249706017618789
         33.7999999999999970         -0.6249706523507772
         33.8999999999999990         -0.6249709035222331
         34.0000000000000000         -0.6249711517703985
         34.1000000000000010         -0.6249713971373286
         34.2000000000000030         -0.6249716396642790
         34.2999999999999970         -0.6249718793917549
         34.3999999999999990         -0.6249721163595924
         34.5000000000000000         -0.6249723506072578
         34.6000000000000010         -0.6249725821730578
         34.7000000000000030         -0.6249728110948972
         34.7999999999999970         -0.6249730374102981
         34.8999999999999990         -0.6249732611560312
         35.0000000000000000         -0.6249734823681075
         36.0000000000000000         -0.6249755626788337
         37.0000000000000000         -0.6249774253161913
         38.0000000000000000         -0.6249790980151194
         45.0000000000000000         -0.6249871002295461
         50.0000000000000000         -0.6249903878943328
         55.0000000000000000         -0.6249925886906915
         60.0000000000000000         -0.6249941165196733
         70.0000000000000000         -0.6249960139665403
         80.0000000000000000         -0.6249970801412817
         90.0000000000000000         -0.6249977248623153
        100.0000000000000000         -0.6249981372679089
        200.0000000000000000         -0.6249991082017863
        300.0000000000000000         -0.6249992058239605
        400.0000000000000000         -0.6249992295875836
        500.0000000000000000         -0.6249992380500746
       1000.0000000000000000         -0.6249992458190032
