          0.8000000000000000         -0.3391053039155689
          1.0000000000000000         -0.4875717021860133
          1.1000000000000001         -0.5328087115483194
          1.2000000000000000         -0.5659768651539866
          1.3000000000000000         -0.5903243937262657
          1.3899999999999999         -0.6065777116114882
          1.3999999999999999         -0.6081110374228434
          1.4099999999999999         -0.6095952216919743
          1.6000000000000001         -0.6300096883443915
          1.7000000000000000         -0.6361661885409072
          1.8000000000000000         -0.6400736522693660
          1.8500000000000001         -0.6413452737311148
          1.8600000000000001         -0.6415519650864121
          1.8700000000000001         -0.6417436836500299
          1.8799999999999999         -0.6419207979170061
          1.8899999999999999         -0.6420836672247964
          1.8999999999999999         -0.6422326420143237
          1.9099999999999999         -0.6423680640805610
          1.9199999999999999         -0.6424902668154219
          1.9299999999999999         -0.6425995754422476
          1.9399999999999999         -0.6426963072437547
          1.9500000000000000         -0.6427807717828123
          1.9600000000000000         -0.6428532711142573
          1.9700000000000000         -0.6429140999920571
          1.9800000000000000         -0.6429635460698010
          1.9900000000000000         -0.6430018900939993
          2.0000000000000000         -0.6430294060911990
          2.0099999999999998         -0.6430463615508412
          2.0200000000000000         -0.6430530176005846
          2.0299999999999998         -0.6430496291771259
          2.0400000000000000         -0.6430364451935349
          2.0499999999999998         -0.6430137086971563
          2.0600000000000001         -0.6429816570272424
          2.0699999999999998         -0.6429405219648708
          2.0800000000000001         -0.6428905298798672
          2.0899999999999999         -0.6428319018731878
          2.1000000000000001         -0.6427648539131364
          2.2000000000000002         -0.6416753772914396
          2.3999999999999999         -0.6377318880771472
          2.4100000000000001         -0.6374882015261071
          2.4199999999999999         -0.6372409447230512
          2.4300000000000002         -0.6369902206730158
          2.4399999999999999         -0.6367361301894203
          2.6000000000000001         -0.6322873622475926
          2.7000000000000002         -0.6292329601457721
          2.7400000000000002         -0.6279710452960524
          2.7500000000000000         -0.6276526958565143
          2.7599999999999998         -0.6273333034049012
          2.7999999999999998         -0.6260463046700795
          2.8399999999999999         -0.6247465060542248
          2.8599999999999999         -0.6240927088274798
          2.8799999999999999         -0.6234367662503526
          2.8900000000000001         -0.6231080920703270
          2.8999999999999999         -0.6227790019189847
          2.9199999999999999         -0.6221197270202010
          2.9399999999999999         -0.6214592408610291
          2.9600000000000000         -0.6207978313769063
          2.9800000000000000         -0.6201357756157779
          3.0400000000000000         -0.6181483474474959
          3.0600000000000001         -0.6174862751418844
          3.0800000000000001         -0.6168247940515452
          3.1000000000000001         -0.6161641249767309
          3.1050000000000000         -0.6159991096911592
          3.1150000000000002         -0.6156692843436793
          3.1200000000000001         -0.6155044806896706
          3.1299999999999999         -0.6151751072217193
          3.2000000000000002         -0.6128801446024990
          3.2400000000000002         -0.6115791223420164
          3.2500000000000000         -0.6112552630558794
          3.2599999999999998         -0.6109320030908543
          3.2700000000000000         -0.6106093622388737
          3.2799999999999998         -0.6102873599531211
          3.2900000000000000         -0.6099660153564108
          3.2999999999999998         -0.6096453472486616
          3.3999999999999999         -0.6064797919995633
          3.5000000000000000         -0.6034004285161910
          3.7000000000000002         -0.5975563583651509
          3.7999999999999998         -0.5948154525507210
          3.8999999999999999         -0.5922092851202390
          4.3799999999999999         -0.5818952270353716
          4.5000000000000000         -0.5800028601853097
          4.5199999999999996         -0.5797221506352758
          4.5300000000000002         -0.5795859734087021
          4.5400000000000000         -0.5794526905741471
          4.5499999999999998         -0.5793223925990320
          4.5599999999999996         -0.5791951774147268
          4.5800000000000001         -0.5789504282382196
          4.5999999999999996         -0.5787194002214888
          4.6200000000000001         -0.5785032124157090
          4.6399999999999997         -0.5783031673585289
          4.6600000000000001         -0.5781207698057899
          4.6799999999999997         -0.5779577381685137
          4.7000000000000002         -0.5778160021272939
          4.7199999999999998         -0.5776976777192145
          4.7400000000000002         -0.5776050098517943
          4.7599999999999998         -0.5775402732505325
          4.7800000000000002         -0.5775056282575969
          4.7900000000000000         -0.5775001896330328
          4.7999999999999998         -0.5775029389237707
          4.8099999999999996         -0.5775140304192325
          4.8200000000000003         -0.5775335761454439
          4.8399999999999999         -0.5775982427508842
          4.8600000000000003         -0.5776968619938072
          4.8700000000000001         -0.5777586602221241
          4.8799999999999999         -0.5778285597259728
          4.8899999999999997         -0.5779063400700419
          4.9000000000000004         -0.5779917456572130
          4.9199999999999999         -0.5781842716391201
          4.9400000000000004         -0.5784036276978649
          4.9600000000000000         -0.5786471354896014
          4.9800000000000004         -0.5789121103997971
          5.0000000000000000         -0.5791959792860182
          5.0099999999999998         -0.5793442442182131
          5.0199999999999996         -0.5794963539372213
          5.0300000000000002         -0.5796520448137696
          5.0400000000000000         -0.5798110678422639
          5.0599999999999996         -0.5801381863668242
          5.0700000000000003         -0.5803058547030761
          5.0800000000000001         -0.5804759997910499
          5.0899999999999999         -0.5806484403133523
          5.0999999999999996         -0.5808230066567523
          5.2000000000000002         -0.5826552770265421
          5.2999999999999998         -0.5845761019921061
          5.4000000000000004         -0.5865224863209364
          5.5000000000000000         -0.5884575557177170
          5.6399999999999997         -0.5911053102569827
          5.6500000000000004         -0.5912907521926825
          5.6600000000000001         -0.5914756423061641
          5.6699999999999999         -0.5916599711479000
          5.6799999999999997         -0.5918437296601277
          5.6900000000000004         -0.5920269091644800
          5.7000000000000002         -0.5922095013473646
          5.7999999999999998         -0.5940015279718766
          5.8200000000000003         -0.5943522157963992
          5.8399999999999999         -0.5947002341641610
          5.8499999999999996         -0.5948732315635223
          5.8600000000000003         -0.5950455491441676
          5.8700000000000001         -0.5952171831907617
          5.8799999999999999         -0.5953881301863827
          5.9000000000000004         -0.5957279499114412
          5.9199999999999999         -0.5960649839153604
          5.9400000000000004         -0.5963992105897166
          5.9600000000000000         -0.5967306109534415
          5.9800000000000004         -0.5970591684953120
          6.0000000000000000         -0.5973848690259697
          6.0099999999999998         -0.5975466440800263
          6.0199999999999996         -0.5977077005454006
          6.0300000000000002         -0.5978680372412902
          6.0400000000000000         -0.5980276531109101
          6.0599999999999996         -0.5983447187185149
          6.0800000000000001         -0.5986588911905495
          6.0999999999999996         -0.5989701660705127
          6.1100000000000003         -0.5991247159676649
          6.1200000000000001         -0.5992785405249472
          6.1299999999999999         -0.5994316396252741
          6.1399999999999997         -0.5995840132449439
          6.1500000000000004         -0.5997356614435048
          6.1600000000000001         -0.5998865843661988
          6.1799999999999997         -0.6001862553805779
          6.2000000000000002         -0.6004830290634969
          6.2999999999999998         -0.6019236152475037
          6.3200000000000003         -0.6022031261126921
          6.3399999999999999         -0.6024797892279644
          6.3600000000000003         -0.6027536152798294
          6.3700000000000001         -0.6028894679518825
          6.3799999999999999         -0.6030246157047864
          6.3899999999999997         -0.6031590600716785
          6.4000000000000004         -0.6032928026395723
          6.4199999999999999         -0.6035581888863828
          6.4400000000000004         -0.6038207878639488
          6.4600000000000000         -0.6040806135760040
          6.4800000000000004         -0.6043376805742751
          6.5000000000000000         -0.6045920039188293
          7.0000000000000000         -0.6101097276851095
          7.2000000000000002         -0.6119050885976729
          7.4000000000000004         -0.6134955127375372
          7.5000000000000000         -0.6142200966174798
          7.5999999999999996         -0.6149008022135926
          7.7000000000000002         -0.6155399465538018
          7.7199999999999998         -0.6156629864519734
          7.7400000000000002         -0.6157844711891589
          7.7599999999999998         -0.6159044181360969
          7.7699999999999996         -0.6159638203274217
          7.7800000000000002         -0.6160228445247224
          7.7900000000000000         -0.6160814928587441
          7.7999999999999998         -0.6161397674520259
          7.8200000000000003         -0.6162552038764180
          7.8399999999999999         -0.6163691706107070
          7.8600000000000003         -0.6164816843354931
          7.8700000000000001         -0.6165374014926556
          7.8799999999999999         -0.6165927615872588
          7.8899999999999997         -0.6166477666626106
          7.9000000000000004         -0.6167024187573398
          7.9100000000000001         -0.6167567198975236
          8.0000000000000000         -0.6172299672517512
          8.0999999999999996         -0.6177243909640581
          8.1199999999999992         -0.6178194685117797
          8.1400000000000006         -0.6179133115857696
          8.1600000000000001         -0.6180059347264676
          8.1799999999999997         -0.6180973523322336
          8.1999999999999993         -0.6181875786608405
          8.2100000000000009         -0.6182322495130201
          8.2200000000000006         -0.6182766278292300
          8.2300000000000004         -0.6183207153511966
          8.2400000000000002         -0.6183645138142571
          8.2599999999999998         -0.6184512504554845
          8.2799999999999994         -0.6185368514499202
          8.3000000000000007         -0.6186213303576482
          8.4000000000000004         -0.6190273586399077
          8.5000000000000000         -0.6194072906345484
          8.5199999999999996         -0.6194802827933269
          8.5399999999999991         -0.6195523050863319
          8.5500000000000007         -0.6195879562357600
          8.5600000000000005         -0.6196233693488173
          8.5700000000000003         -0.6196585458812094
          8.5800000000000001         -0.6196934872893867
          8.5999999999999996         -0.6197626704906766
          8.6199999999999992         -0.6198309304129294
          8.6400000000000006         -0.6198982783911779
          8.6600000000000001         -0.6199647256409956
          8.6799999999999997         -0.6200302832499192
          8.6999999999999993         -0.6200949621958119
          8.8000000000000007         -0.6204055526324795
          9.0000000000000000         -0.6209668108069890
          9.0099999999999998         -0.6209929091748203
          9.0199999999999996         -0.6210188290205699
          9.0299999999999994         -0.6210445714771298
          9.0999999999999996         -0.6212198955405919
          9.1999999999999993         -0.6214561193526712
          9.2200000000000006         -0.6215014341727644
          9.2400000000000002         -0.6215461248150036
          9.2599999999999998         -0.6215901992941762
          9.2799999999999994         -0.6216336655348983
          9.2899999999999991         -0.6216551730173701
          9.3000000000000007         -0.6216765313707542
          9.3100000000000005         -0.6216977415590429
          9.3200000000000003         -0.6217188045450066
          9.3399999999999999         -0.6217604927123884
          9.3599999999999994         -0.6218016034416827
          9.3800000000000008         -0.6218421442114768
          9.4000000000000004         -0.6218821224180371
          9.4100000000000001         -0.6219019028480454
          9.4199999999999999         -0.6219215453710872
          9.4299999999999997         -0.6219410508881130
          9.4399999999999995         -0.6219604202940475
          9.4600000000000009         -0.6219987543308493
          9.4800000000000004         -0.6220365545385542
          9.5000000000000000         -0.6220738278968344
          9.8000000000000007         -0.6225742107327037
          9.9000000000000004         -0.6227187137403754
         10.0000000000000000         -0.6228532695647246
         10.0999999999999996         -0.6229785351506631
         10.1999999999999993         -0.6230951290109981
         10.2200000000000006         -0.6231174590176234
         10.2400000000000002         -0.6231394700356596
         10.2599999999999998         -0.6231611664966464
         10.2699999999999996         -0.6231718981392752
         10.2799999999999994         -0.6231825527805998
         10.2899999999999991         -0.6231931309587149
         10.3000000000000007         -0.6232036332092251
         10.3200000000000003         -0.6232244120596580
         10.3399999999999999         -0.6232448935475476
         10.3599999999999994         -0.6232650818397725
         10.3800000000000008         -0.6232849810544242
         10.4000000000000004         -0.6233045952575104
         10.5000000000000000         -0.6233985299019346
         10.5999999999999996         -0.6234859208360299
         10.6999999999999993         -0.6235672223179204
         10.8000000000000007         -0.6236428606989092
         10.9000000000000004         -0.6237132358847798
         11.0000000000000000         -0.6237787227099318
         11.0899999999999999         -0.6238337719228415
         11.0999999999999996         -0.6238396722301257
         11.1099999999999994         -0.6238455304675457
         11.1199999999999992         -0.6238513469500276
         11.1300000000000008         -0.6238571219938741
         11.1400000000000006         -0.6238628559096142
         11.1600000000000001         -0.6238742015997008
         11.1799999999999997         -0.6238853864743149
         11.1899999999999995         -0.6238909193651370
         11.1999999999999993         -0.6238964129580606
         11.2100000000000009         -0.6239018675525808
         11.2200000000000006         -0.6239072834401007
         11.2400000000000002         -0.6239180002785486
         11.2599999999999998         -0.6239285657976357
         11.2799999999999994         -0.6239389822917686
         11.3000000000000007         -0.6239492520239366
         11.4000000000000004         -0.6239984762718276
         11.5000000000000000         -0.6240443533154425
         11.5999999999999996         -0.6240871325368389
         11.6199999999999992         -0.6240953373621962
         11.6400000000000006         -0.6241034293867536
         11.6500000000000004         -0.6241074336482646
         11.6600000000000001         -0.6241114103643606
         11.6699999999999999         -0.6241153597497128
         11.6799999999999997         -0.6241192820186517
         11.6999999999999993         -0.6241270460496072
         11.7200000000000006         -0.6241347041338170
         11.7400000000000002         -0.6241422579213003
         11.7599999999999998         -0.6241497090364257
         11.7799999999999994         -0.6241570590838673
         11.8000000000000007         -0.6241643096394935
         11.9000000000000004         -0.6241991236502992
         12.0000000000000000         -0.6242316738711737
         12.0999999999999996         -0.6242621323879214
         12.1999999999999993         -0.6242906584048576
         12.3000000000000007         -0.6243173990579631
         12.4000000000000004         -0.6243424901882321
         12.5000000000000000         -0.6243660570990951
         13.0000000000000000         -0.6244647646658141
         13.5000000000000000         -0.6245392766342265
         14.0000000000000000         -0.6245971377029210
         14.0999999999999996         -0.6246071816889444
         14.1999999999999993         -0.6246167931498732
         14.3000000000000007         -0.6246259998945596
         14.4000000000000004         -0.6246348275511061
         14.5000000000000000         -0.6246432997492254
         14.5999999999999996         -0.6246514382888237
         14.6999999999999993         -0.6246592632944735
         14.8000000000000007         -0.6246667933586120
         14.9000000000000004         -0.6246740456686826
         15.0000000000000000         -0.6246810361275994
         15.0999999999999996         -0.6246877794593448
         15.1199999999999992         -0.6246890996891735
         15.1400000000000006         -0.6246904106869632
         15.1600000000000001         -0.6246917125553078
         15.1799999999999997         -0.6246930053957737
         15.1999999999999993         -0.6246942893074959
         15.2200000000000006         -0.6246955643895526
         15.2300000000000004         -0.6246961986493227
         15.2400000000000002         -0.6246968307373654
         15.2500000000000000         -0.6246974606662122
         15.2599999999999998         -0.6246980884475842
         15.2799999999999994         -0.6246993376136257
         15.3000000000000007         -0.6247005783273787
         15.4000000000000004         -0.6247066582650660
         15.5000000000000000         -0.6247125400356006
         15.5999999999999996         -0.6247182337880676
         15.6999999999999993         -0.6247237489723997
         15.7200000000000006         -0.6247248313662331
         15.7400000000000002         -0.6247259070391346
         15.7599999999999998         -0.6247269760568850
         15.7799999999999994         -0.6247280384858289
         15.8000000000000007         -0.6247290943909302
         15.8100000000000005         -0.6247296199161105
         15.8200000000000003         -0.6247301438347042
         15.8300000000000001         -0.6247306661540565
         15.8399999999999999         -0.6247311868813326
         15.8599999999999994         -0.6247322235930404
         15.8800000000000008         -0.6247332540298847
         15.9000000000000004         -0.6247342782545027
         16.0000000000000000         -0.6247393082288228
         16.1000000000000014         -0.6247441914767682
         16.1999999999999993         -0.6247489346987347
         16.3000000000000007         -0.6247535441681089
         16.3999999999999986         -0.6247580257655503
         16.5000000000000000         -0.6247623850047528
         16.6000000000000014         -0.6247666270669947
         16.6999999999999993         -0.6247707568180069
         16.8000000000000007         -0.6247747788377128
         16.8999999999999986         -0.6247786974360923
         17.0000000000000000         -0.6247825166762414
         17.5000000000000000         -0.6248002493692167
         18.0000000000000000         -0.6248159915640864
         18.5000000000000000         -0.6248300551886643
         19.0000000000000000         -0.6248426837337440
         19.5000000000000000         -0.6248540718186790
         20.0000000000000000         -0.6248643784076059
         20.5000000000000000         -0.6248737353973309
         21.0000000000000000         -0.6248822533578504
         21.5000000000000000         -0.6248900258112118
         22.0000000000000000         -0.6248971327430889
         22.5000000000000000         -0.6249036434623161
         23.0000000000000000         -0.6249096186978866
         23.5000000000000000         -0.6249151119932461
         24.0000000000000000         -0.6249201706290808
         24.5000000000000000         -0.6249248363570564
         25.0000000000000000         -0.6249291460975248
         25.5000000000000000         -0.6249331326304509
         26.0000000000000000         -0.6249368252182492
         26.5000000000000000         -0.6249402501073323
         27.0000000000000000         -0.6249434308932769
         27.5000000000000000         -0.6249463887917912
         28.0000000000000000         -0.6249491428594579
         28.5000000000000000         -0.6249517102102113
         29.0000000000000000         -0.6249541062367236
         29.5000000000000000         -0.6249563448282728
         30.0000000000000000         -0.6249584385659115
         31.0000000000000000         -0.6249622361890697
         32.0000000000000000         -0.6249655788159212
         32.1000000000000014         -0.6249658907006226
         32.2000000000000028         -0.6249661987640927
         32.2999999999999972         -0.6249665030644629
         32.3999999999999986         -0.6249668036581638
         32.5000000000000000         -0.6249671006011979
         32.6000000000000014         -0.6249673939495661
         32.7000000000000028         -0.6249676837561141
         32.7999999999999972         -0.6249679700739718
         32.8999999999999986         -0.6249682529549031
         33.0000000000000000         -0.6249685324501281
         33.1000000000000014         -0.6249688086096130
         33.2000000000000028         -0.6249690814824121
         33.2999999999999972         -0.6249693511169363
         33.3999999999999986         -0.6249696175607168
         33.5000000000000000         -0.6249698808601041
         33.6000000000000014         -0.6249701410608111
         33.6199999999999974         -0.6249701927332868
         33.6400000000000006         -0.6249702442837343
         33.6599999999999966         -0.6249702957128044
         33.6799999999999997         -0.6249703470208490
         33.7000000000000028         -0.6249703982084186
         33.7199999999999989         -0.6249704492751184
         33.7299999999999969         -0.6249704747635128
         33.7400000000000020         -0.6249705002221654
         33.7500000000000000         -0.6249705256504596
         33.7599999999999980         -0.6249705510491803
         33.7800000000000011         -0.6249706017569548
         33.7999999999999972         -0.6249706523461542
         33.8999999999999986         -0.6249709035177327
         34.0000000000000000         -0.6249711517665900
         34.1000000000000014         -0.6249713971338726
         34.2000000000000028         -0.6249716396612555
         34.2999999999999972         -0.6249718793891075
         34.3999999999999986         -0.6249721163569656
         34.5000000000000000         -0.6249723506049515
         34.6000000000000014         -0.6249725821707883
         34.7000000000000028         -0.6249728110928425
         34.7999999999999972         -0.6249730374084262
         34.8999999999999986         -0.6249732611544697
         35.0000000000000000         -0.6249734823665202
         36.0000000000000000         -0.6249755626783247
         37.0000000000000000         -0.6249774253159479
         38.0000000000000000         -0.6249790980151125
         45.0000000000000000         -0.6249871002295332
         50.0000000000000000         -0.6249903878944586
         55.0000000000000000         -0.6249925886906027
         60.0000000000000000         -0.6249941165198126
         70.0000000000000000         -0.6249960139665529
         80.0000000000000000         -0.6249970801411773
         90.0000000000000000         -0.6249977248621548
        100.0000000000000000         -0.6249981372679946
        200.0000000000000000         -0.6249991082018617
        300.0000000000000000         -0.6249992058239719
        400.0000000000000000         -0.6249992295875867
        500.0000000000000000         -0.6249992380501854
       1000.0000000000000000         -0.6249992458188321
