          0.8000000000000000         -0.3604268758000067
          1.0000000000000000         -0.5079033646159599
          1.1000000000000001         -0.5526293631864784
          1.2000000000000000         -0.5853033140136256
          1.3000000000000000         -0.6091921382603707
          1.3899999999999999         -0.6250748570843486
          1.3999999999999999         -0.6265698188608092
          1.4099999999999999         -0.6280162288404135
          1.6000000000000001         -0.6478294468309120
          1.7000000000000000         -0.6537568383506515
          1.8000000000000000         -0.6574820129289856
          1.8500000000000001         -0.6586669396344053
          1.8600000000000001         -0.6588548968033037
          1.8700000000000001         -0.6590269167628036
          1.8799999999999999         -0.6591830742781446
          1.8899999999999999         -0.6593233926160978
          1.8999999999999999         -0.6594478511660110
          1.9099999999999999         -0.6595564031756121
          1.9199999999999999         -0.6596490059033319
          1.9299999999999999         -0.6597256618984229
          1.9399999999999999         -0.6597864642653551
          1.9500000000000000         -0.6598316333671966
          1.9600000000000000         -0.6598615320305491
          1.9700000000000000         -0.6598766533626317
          1.9800000000000000         -0.6598775861420382
          1.9900000000000000         -0.6598649703540846
          2.0000000000000000         -0.6598394557034035
          2.0099999999999998         -0.6598016707990600
          2.0200000000000000         -0.6597522047571447
          2.0299999999999998         -0.6596915991666388
          2.0400000000000000         -0.6596203470948050
          2.0499999999999998         -0.6595388960916182
          2.0600000000000001         -0.6594476530180697
          2.0699999999999998         -0.6593469893475704
          2.0800000000000001         -0.6592372462343575
          2.0899999999999999         -0.6591187390194242
          2.1000000000000001         -0.6589917610864630
          2.2000000000000002         -0.6573099651262113
          2.3999999999999999         -0.6522626074548485
          2.4100000000000001         -0.6519668280992327
          2.4199999999999999         -0.6516677630572465
          2.4300000000000002         -0.6513655129357692
          2.4399999999999999         -0.6510601760758468
          2.6000000000000001         -0.6458273182524001
          2.7000000000000002         -0.6423138452890172
          2.7400000000000002         -0.6408741827931532
          2.7400000000000002         -0.6408741827931532
          2.7599999999999998         -0.6401487377319377
          2.7999999999999998         -0.6386885635587209
          2.8399999999999999         -0.6372184181592693
          2.8599999999999999         -0.6364804539644257
          2.8799999999999999         -0.6357409865776235
          2.8900000000000001         -0.6353707840800092
          2.8999999999999999         -0.6350003180930145
          2.9199999999999999         -0.6342587382557343
          2.9399999999999999         -0.6335165249777064
          2.9600000000000000         -0.6327739448290738
          2.9800000000000000         -0.6320312535099684
          3.0400000000000000         -0.6298049157397947
          3.0600000000000001         -0.6290641345871513
          3.0800000000000001         -0.6283243726899788
          3.1000000000000001         -0.6275858292466798
          3.1050000000000000         -0.6274014063335401
          3.1150000000000002         -0.6270328365082640
          3.1200000000000001         -0.6268486953211998
          3.1299999999999999         -0.6264807144901920
          3.2000000000000002         -0.6239178089714303
          3.2400000000000002         -0.6224652443232175
          3.2500000000000000         -0.6221036491942469
          3.2599999999999998         -0.6217427075042474
          3.2700000000000000         -0.6213824361224655
          3.2799999999999998         -0.6210228515611380
          3.2900000000000000         -0.6206639699817273
          3.2999999999999998         -0.6203058072028991
          3.3999999999999999         -0.6167669604202699
          3.5000000000000000         -0.6133150758985461
          3.7000000000000002         -0.6067141040603026
          3.7999999999999998         -0.6035806405650055
          3.8999999999999999         -0.6005660976857508
          4.5000000000000000         -0.5851301400267540
          4.5000000000000000         -0.5851301400267540
          4.5199999999999996         -0.5846954221336828
          4.5300000000000002         -0.5844799892939985
          4.5400000000000000         -0.5842658391873052
          4.5499999999999998         -0.5840529707534573
          4.5599999999999996         -0.5838413828874871
          4.5800000000000001         -0.5834220442177773
          4.5999999999999996         -0.5830078134571823
          4.6200000000000001         -0.5825986801923295
          4.6399999999999997         -0.5821946333289559
          4.6600000000000001         -0.5817956611001235
          4.6799999999999997         -0.5814017510763351
          4.7000000000000002         -0.5810128901725725
          4.7199999999999998         -0.5806290646549742
          4.7400000000000002         -0.5802502601464022
          4.7599999999999998         -0.5798764616307178
          4.7800000000000002         -0.5795076534565182
          4.7900000000000000         -0.5793251156834636
          4.7999999999999998         -0.5791438193395112
          4.8099999999999996         -0.5789637622905859
          4.8200000000000003         -0.5787849423626088
          4.8399999999999999         -0.5784310049771677
          4.8600000000000003         -0.5780819890006357
          4.8700000000000001         -0.5779093206850083
          4.8799999999999999         -0.5777378756151826
          4.8899999999999997         -0.5775676513385171
          4.9000000000000004         -0.5773986453629167
          4.9199999999999999         -0.5770642781423433
          4.9400000000000004         -0.5767347532008905
          4.9600000000000000         -0.5764100491289459
          4.9800000000000004         -0.5760901438505773
          5.0000000000000000         -0.5757750146133802
          5.0099999999999998         -0.5756192337127599
          5.0199999999999996         -0.5754646379781356
          5.0300000000000002         -0.5753112243703765
          5.0400000000000000         -0.5751589898055693
          5.0599999999999996         -0.5748580452435779
          5.0700000000000003         -0.5747093288515037
          5.0800000000000001         -0.5745617787115525
          5.0899999999999999         -0.5744153915097747
          5.0999999999999996         -0.5742701638844434
          5.2000000000000002         -0.5728808895493642
          5.2999999999999998         -0.5716034973910529
          5.4000000000000004         -0.5704337357063314
          5.5000000000000000         -0.5693667194406002
          5.6399999999999997         -0.5680347290229669
          5.6500000000000004         -0.5679464171055286
          5.6600000000000001         -0.5678589796695731
          5.6699999999999999         -0.5677724096215997
          5.6799999999999997         -0.5676866997995260
          5.6900000000000004         -0.5676018429747255
          5.7000000000000002         -0.5675178318531132
          5.7999999999999998         -0.5667225861508830
          5.8200000000000003         -0.5665729262350283
          5.8399999999999999         -0.5664262492328223
          5.8499999999999996         -0.5663540092814860
          5.8600000000000003         -0.5662824909431258
          5.8700000000000001         -0.5662116861184022
          5.8799999999999999         -0.5661415866841439
          5.9000000000000004         -0.5660034713915310
          5.9199999999999999         -0.5658680797173221
          5.9400000000000004         -0.5657353461340756
          5.9600000000000000         -0.5656052050407089
          5.9800000000000004         -0.5654775908708948
          6.0000000000000000         -0.5653524382018998
          6.0099999999999998         -0.5652907645516276
          6.0199999999999996         -0.5652296818638329
          6.0300000000000002         -0.5651691820495343
          6.0400000000000000         -0.5651092570494296
          6.0599999999999996         -0.5649910994199239
          6.0800000000000001         -0.5648751452113733
          6.0999999999999996         -0.5647613313367670
          6.1100000000000003         -0.5647052075190131
          6.1200000000000001         -0.5646495954836780
          6.1299999999999999         -0.5645944875780660
          6.1399999999999997         -0.5645398762101501
          6.1500000000000004         -0.5644857538497438
          6.1600000000000001         -0.5644321130321109
          6.1799999999999997         -0.5643262465088195
          6.2000000000000002         -0.5642222183196698
          6.2999999999999998         -0.5637276981045763
          6.3200000000000003         -0.5636335461470080
          6.3399999999999999         -0.5635408608375861
          6.3600000000000003         -0.5634495948346976
          6.3700000000000001         -0.5634044796947052
          6.3799999999999999         -0.5633597023188949
          6.3899999999999997         -0.5633152572190741
          6.4000000000000004         -0.5632711390032554
          6.4199999999999999         -0.5631838621399019
          6.4400000000000004         -0.5630978305172081
          6.4600000000000000         -0.5630130044570072
          6.4800000000000004         -0.5629293458017022
          6.5000000000000000         -0.5628468178995413
          7.0000000000000000         -0.5610712004074299
          7.2000000000000002         -0.5604787485252518
          7.4000000000000004         -0.5599392282072273
          7.5000000000000000         -0.5596878794303803
          7.5999999999999996         -0.5594482576093214
          7.7000000000000002         -0.5592200256689088
          7.7199999999999998         -0.5591757187123624
          7.7400000000000002         -0.5591318526589959
          7.7599999999999998         -0.5590884251604593
          7.7699999999999996         -0.5590668751392923
          7.7800000000000002         -0.5590454338821227
          7.7900000000000000         -0.5590241010987256
          7.7999999999999998         -0.5590028764992839
          7.8200000000000003         -0.5589607506942184
          7.8399999999999999         -0.5589190541527115
          7.8600000000000003         -0.5588777845621719
          7.8700000000000001         -0.5588573091503836
          7.8799999999999999         -0.5588369396083888
          7.8899999999999997         -0.5588166756465117
          7.9000000000000004         -0.5587965169744351
          7.9100000000000001         -0.5587764633017027
          8.0000000000000000         -0.5586006570192089
          8.0999999999999996         -0.5584150025104728
          8.1199999999999992         -0.5583790698267281
          8.1400000000000006         -0.5583435308325263
          8.1600000000000001         -0.5583083830436378
          8.1799999999999997         -0.5582736239585204
          8.1999999999999993         -0.5582392510585018
          8.2100000000000009         -0.5582222086357208
          8.2200000000000006         -0.5582052618065350
          8.2300000000000004         -0.5581884102509777
          8.2400000000000002         -0.5581716536484636
          8.2599999999999998         -0.5581384240122114
          8.2799999999999994         -0.5581055703088165
          8.3000000000000007         -0.5580730899313591
          8.4000000000000004         -0.5579161955463675
          8.5000000000000000         -0.5577682340819621
          8.5199999999999996         -0.5577396837199871
          8.5399999999999991         -0.5577114742113559
          8.5500000000000007         -0.5576974964054091
          8.5600000000000005         -0.5576836027662750
          8.5700000000000003         -0.5576697929435934
          8.5800000000000001         -0.5576560665860584
          8.5999999999999996         -0.5576288628619352
          8.6199999999999992         -0.5576019887772621
          8.6400000000000006         -0.5575754415071242
          8.6600000000000001         -0.5575492182203349
          8.6799999999999997         -0.5575233160787960
          8.6999999999999993         -0.5574977322392708
          8.8000000000000007         -0.5573744877700502
          9.0000000000000000         -0.5571502293375519
          9.0099999999999998         -0.5571397557841322
          9.0199999999999996         -0.5571293500431134
          9.0299999999999994         -0.5571190117625845
          9.0999999999999996         -0.5570485031384285
          9.1999999999999993         -0.5569532429112944
          9.2200000000000006         -0.5569349362955456
          9.2400000000000002         -0.5569168717667682
          9.2599999999999998         -0.5568990466112432
          9.2799999999999994         -0.5568814581281211
          9.2899999999999991         -0.5568727517988723
          9.3000000000000007         -0.5568641036316155
          9.3100000000000005         -0.5568555132920194
          9.3200000000000003         -0.5568469804479390
          9.3399999999999999         -0.5568300859196700
          9.3599999999999994         -0.5568134174041053
          9.3800000000000008         -0.5567969722727995
          9.4000000000000004         -0.5567807479148259
          9.4100000000000001         -0.5567727177137888
          9.4199999999999999         -0.5567647417337979
          9.4299999999999997         -0.5567568196529034
          9.4399999999999995         -0.5567489511508439
          9.4600000000000009         -0.5567333736028978
          9.4800000000000004         -0.5567180065455570
          9.5000000000000000         -0.5567028474506528
          9.8000000000000007         -0.5564987540659502
          9.9000000000000004         -0.5564396100366732
         10.0000000000000000         -0.5563844497912417
         10.1000000000000000         -0.5563330168886627
         10.1999999999999990         -0.5562850679410835
         10.2200000000000010         -0.5562758757211906
         10.2400000000000000         -0.5562668118202723
         10.2600000000000000         -0.5562578744751254
         10.2700000000000000         -0.5562534527162425
         10.2799999999999990         -0.5562490619452827
         10.2899999999999990         -0.5562447019473689
         10.3000000000000010         -0.5562403725096343
         10.3200000000000000         -0.5562318044671493
         10.3400000000000000         -0.5562233561366918
         10.3599999999999990         -0.5562150258567770
         10.3800000000000010         -0.5562068119859391
         10.4000000000000000         -0.5561987129024404
         10.5000000000000000         -0.5561598838888596
         10.6000000000000000         -0.5561236923462609
         10.6999999999999990         -0.5560899568622520
         10.8000000000000010         -0.5560585072969225
         10.9000000000000000         -0.5560291843202153
         11.0000000000000000         -0.5560018389291639
         11.0900000000000000         -0.5559788036951876
         11.1000000000000000         -0.5559763319555917
         11.1099999999999990         -0.5559738772940965
         11.1199999999999990         -0.5559714395865187
         11.1300000000000010         -0.5559690187086949
         11.1400000000000010         -0.5559666145377212
         11.1600000000000000         -0.5559618558269431
         11.1800000000000000         -0.5559571624870036
         11.1900000000000000         -0.5559548400327209
         11.1999999999999990         -0.5559525335642819
         11.2100000000000010         -0.5559502429651048
         11.2200000000000010         -0.5559479681182565
         11.2400000000000000         -0.5559434652215460
         11.2600000000000000         -0.5559390239606425
         11.2799999999999990         -0.5559346434345721
         11.3000000000000010         -0.5559303227555497
         11.4000000000000000         -0.5559095868642285
         11.5000000000000000         -0.5558902210742145
         11.6000000000000000         -0.5558721279384831
         11.6199999999999990         -0.5558686539458915
         11.6400000000000010         -0.5558652265245801
         11.6500000000000000         -0.5558635300646206
         11.6600000000000000         -0.5558618449925430
         11.6700000000000000         -0.5558601712243876
         11.6800000000000000         -0.5558585086772787
         11.6999999999999990         -0.5558552169167433
         11.7200000000000010         -0.5558519690584303
         11.7400000000000000         -0.5558487644592736
         11.7600000000000000         -0.5558456024858176
         11.7799999999999990         -0.5558424825144080
         11.8000000000000010         -0.5558394039300647
         11.9000000000000000         -0.5558246109344182
         12.0000000000000000         -0.5558107655138785
         12.1000000000000000         -0.5557978004975630
         12.1999999999999990         -0.5557856535962294
         12.3000000000000010         -0.5557742670622238
         12.4000000000000000         -0.5557635873704481
         12.5000000000000000         -0.5557535649193571
         13.0000000000000000         -0.5557118163220616
         13.5000000000000000         -0.5556808760748182
         14.0000000000000000         -0.5556575827085972
         14.1000000000000000         -0.5556536381297363
         14.1999999999999990         -0.5556498973556223
         14.3000000000000010         -0.5556463477658860
         14.4000000000000000         -0.5556429776201611
         14.5000000000000000         -0.5556397759873343
         14.6000000000000000         -0.5556367326823146
         14.6999999999999990         -0.5556338382076681
         14.8000000000000010         -0.5556310836996371
         14.9000000000000000         -0.5556284608797467
         15.0000000000000000         -0.5556259620098688
         15.1000000000000000         -0.5556235798519981
         15.1199999999999990         -0.5556231168218294
         15.1400000000000010         -0.5556226581357662
         15.1600000000000000         -0.5556222037422246
         15.1800000000000000         -0.5556217535906764
         15.1999999999999990         -0.5556213076308503
         15.2200000000000010         -0.5556208658135083
         15.2300000000000000         -0.5556206464429481
         15.2400000000000000         -0.5556204280896750
         15.2500000000000000         -0.5556202107478475
         15.2600000000000000         -0.5556199944112474
         15.2799999999999990         -0.5556195647308453
         15.3000000000000010         -0.5556191390012802
         15.4000000000000000         -0.5556170680165528
         15.5000000000000000         -0.5556150891017571
         15.6000000000000000         -0.5556131970279630
         15.6999999999999990         -0.5556113868898536
         15.7200000000000010         -0.5556110342843572
         15.7400000000000000         -0.5556106847357963
         15.7600000000000000         -0.5556103382092545
         15.7799999999999990         -0.5556099946701545
         15.8000000000000010         -0.5556096540843911
         15.8100000000000000         -0.5556094848884067
         15.8200000000000000         -0.5556093164182889
         15.8300000000000000         -0.5556091486696969
         15.8400000000000000         -0.5556089816386082
         15.8599999999999990         -0.5556086497125655
         15.8800000000000010         -0.5556083206077493
         15.9000000000000000         -0.5556079942920882
         16.0000000000000000         -0.5556064034593194
         16.1000000000000010         -0.5556048777825073
         16.1999999999999990         -0.5556034136930357
         16.3000000000000010         -0.5556020078435291
         16.3999999999999990         -0.5556006570948323
         16.5000000000000000         -0.5555993585047982
         16.6000000000000010         -0.5555981093159935
         16.6999999999999990         -0.5555969069457971
         16.8000000000000010         -0.5555957489759413
         16.8999999999999990         -0.5555946331431385
         17.0000000000000000         -0.5555935573298044
         17.5000000000000000         -0.5555887135437596
         18.0000000000000000         -0.5555846216402210
         18.5000000000000000         -0.5555811325947876
         19.0000000000000000         -0.5555781343959925
         19.5000000000000000         -0.5555755389345725
         20.0000000000000000         -0.5555732748992118
         20.5000000000000000         -0.5555712842074630
         21.0000000000000000         -0.5555695196333086
         21.5000000000000000         -0.5555679427246997
         22.0000000000000000         -0.5555665221482372
         22.5000000000000000         -0.5555652327173988
         23.0000000000000000         -0.5555640549408921
         23.5000000000000000         -0.5555629746099949
         24.0000000000000000         -0.5555619819891322
         24.5000000000000000         -0.5555610704577627
         25.0000000000000000         -0.5555602348210433
         25.5000000000000000         -0.5555594697975907
         26.0000000000000000         -0.5555587692045901
         26.5000000000000000         -0.5555581260183015
         27.0000000000000000         -0.5555575331923273
         27.5000000000000000         -0.5555569865266722
         28.0000000000000000         -0.5555565656159290
         28.5000000000000000         -0.5555568046905512
         29.0000000000000000         -0.5555570447105399
         29.5000000000000000         -0.5555571759301077
         30.0000000000000000         -0.5555572104866876
         31.0000000000000000         -0.5555570897422389
         32.0000000000000000         -0.5555568565836376
         32.1000000000000010         -0.5555568315788052
         32.2000000000000030         -0.5555568065652201
         32.2999999999999970         -0.5555567815969437
         32.3999999999999990         -0.5555567567226150
         32.5000000000000000         -0.5555567319857442
         32.6000000000000010         -0.5555567074253729
         32.7000000000000030         -0.5555566830759717
         32.7999999999999970         -0.5555566589683213
         32.8999999999999990         -0.5555566351288391
         33.0000000000000000         -0.5555566115808802
         33.1000000000000010         -0.5555565883448003
         33.2000000000000030         -0.5555565654376587
         33.2999999999999970         -0.5555565428740218
         33.3999999999999990         -0.5555565206659121
         33.5000000000000000         -0.5555564988235212
         33.6000000000000010         -0.5555564773544387
         33.6199999999999970         -0.5555564731060073
         33.6400000000000010         -0.5555564688728418
         33.6599999999999970         -0.5555564646548879
         33.6800000000000000         -0.5555564604522575
         33.7000000000000030         -0.5555564562649715
         33.7199999999999990         -0.5555564520930854
         33.7299999999999970         -0.5555564500128130
         33.7400000000000020         -0.5555564479365079
         33.7500000000000000         -0.5555564458639861
         33.7599999999999980         -0.5555564437954698
         33.7800000000000010         -0.5555564396697616
         33.7999999999999970         -0.5555564355595556
         33.8999999999999990         -0.5555564152411239
         34.0000000000000000         -0.5555563953114886
         34.1000000000000010         -0.5555563757711605
         34.2000000000000030         -0.5555563566195072
         34.2999999999999970         -0.5555563378551622
         34.3999999999999990         -0.5555563194758321
         34.5000000000000000         -0.5555563014787074
         34.6000000000000010         -0.5555562838600341
         34.7000000000000030         -0.5555562666157448
         34.7999999999999970         -0.5555562497414098
         34.8999999999999990         -0.5555562332318060
         34.8999999999999990         -0.5555562332318060
         34.8999999999999990         -0.5555562332318060
         34.8999999999999990         -0.5555562332318060
         34.8999999999999990         -0.5555562332318060
         45.0000000000000000         -0.5555555723685993
         50.0000000000000000         -0.5555555048896766
         55.0000000000000000         -0.5555554737735227
         60.0000000000000000         -0.5555554580470448
         70.0000000000000000         -0.5555554447579328
         80.0000000000000000         -0.5555554401395304
         90.0000000000000000         -0.5555554382811655
        100.0000000000000000         -0.5555554374494488
        200.0000000000000000         -0.5555554365433898
        300.0000000000000000         -0.5555554365307589
        400.0000000000000000         -0.5555554365297263
        500.0000000000000000         -0.5555554365296238
       1000.0000000000000000         -0.5555554365295450
