          0.8000000000000000         -0.3603893391355406
          1.0000000000000000         -0.5078571080725522
          1.1000000000000001         -0.5521814880618466
          1.2000000000000000         -0.5842683563213181
          1.3000000000000000         -0.6075806134567590
          1.3899999999999999         -0.6229530436560690
          1.3999999999999999         -0.6243917990829498
          1.4099999999999999         -0.6257821003250686
          1.6000000000000001         -0.6445480674020567
          1.7000000000000000         -0.6499410943406337
          1.8000000000000000         -0.6531544082642329
          1.8500000000000001         -0.6541038486068617
          1.8600000000000001         -0.6542480331825384
          1.8700000000000001         -0.6543778789405963
          1.8799999999999999         -0.6544937505312034
          1.8899999999999999         -0.6545960034070216
          1.8999999999999999         -0.6546849841396697
          1.9099999999999999         -0.6547610308308159
          1.9199999999999999         -0.6548244730597227
          1.9299999999999999         -0.6548756323725831
          1.9399999999999999         -0.6549148224156204
          1.9500000000000000         -0.6549423491985255
          1.9600000000000000         -0.6549585112738620
          1.9700000000000000         -0.6549635999848034
          1.9800000000000000         -0.6549578996419391
          1.9900000000000000         -0.6549416877522254
          2.0000000000000000         -0.6549152351787475
          2.0099999999999998         -0.6548788063732222
          2.0200000000000000         -0.6548326595070406
          2.0299999999999998         -0.6547770466865261
          2.0400000000000000         -0.6547122141121173
          2.0499999999999998         -0.6546384022514016
          2.0600000000000001         -0.6545558459432574
          2.0699999999999998         -0.6544647747514946
          2.0800000000000001         -0.6543654127797275
          2.0899999999999999         -0.6542579791399072
          2.1000000000000001         -0.6541426879468361
          2.2000000000000002         -0.6526014323676621
          2.3999999999999999         -0.6479240555697412
          2.4100000000000001         -0.6476500176169834
          2.4199999999999999         -0.6473730717661632
          2.4300000000000002         -0.6470933333808551
          2.4399999999999999         -0.6468109166414895
          2.6000000000000001         -0.6420187969673257
          2.7000000000000002         -0.6388961272614945
          2.7400000000000002         -0.6376559066863290
          2.7500000000000000         -0.6373486356200450
          2.7599999999999998         -0.6370428405362756
          2.7999999999999998         -0.6358382768574680
          2.8399999999999999         -0.6346729201928356
          2.8599999999999999         -0.6341086318616296
          2.8799999999999999         -0.6335581301558165
          2.8900000000000001         -0.6332882606502204
          2.8999999999999999         -0.6330220187506765
          2.9199999999999999         -0.6325002785061498
          2.9399999999999999         -0.6319921605441294
          2.9600000000000000         -0.6314961735387684
          2.9800000000000000         -0.6310101894573585
          3.0400000000000000         -0.6295862075652452
          3.0600000000000001         -0.6291143995090718
          3.0800000000000001         -0.6286405750108537
          3.1000000000000001         -0.6281633397183661
          3.1050000000000000         -0.6280433778700557
          3.1150000000000002         -0.6278025898532928
          3.1200000000000001         -0.6276817465358998
          3.1299999999999999         -0.6274391283904648
          3.2000000000000002         -0.6257050023457333
          3.2400000000000002         -0.6246879314695231
          3.2500000000000000         -0.6244311474054858
          3.2599999999999998         -0.6241734715781946
          3.2700000000000000         -0.6239149637288813
          3.2799999999999998         -0.6236556840629321
          3.2900000000000000         -0.6233956928464348
          3.2999999999999998         -0.6231350500598742
          3.3999999999999999         -0.6205053504520235
          3.5000000000000000         -0.6178683234918031
          3.7000000000000002         -0.6127187465032358
          3.7999999999999998         -0.6102540288706484
          3.8999999999999999         -0.6078832248891648
          4.4000000000000004         -0.5976824974510173
          4.5000000000000000         -0.5959912955076080
          4.5199999999999996         -0.5956670079444188
          4.5300000000000002         -0.5955065980261024
          4.5400000000000000         -0.5953473416186232
          4.5499999999999998         -0.5951892368544967
          4.5599999999999996         -0.5950322818124472
          4.5800000000000001         -0.5947218129604399
          4.5999999999999996         -0.5944159187236830
          4.6200000000000001         -0.5941145820676096
          4.6399999999999997         -0.5938177853394159
          4.6600000000000001         -0.5935255103372653
          4.6799999999999997         -0.5932377383862760
          4.7000000000000002         -0.5929544504069222
          4.7199999999999998         -0.5926756269840784
          4.7400000000000002         -0.5924012484339406
          4.7599999999999998         -0.5921312948684828
          4.7800000000000002         -0.5918657462591331
          4.7900000000000000         -0.5917346175300030
          4.7999999999999998         -0.5916045824960651
          4.8099999999999996         -0.5914756386383642
          4.8200000000000003         -0.5913477834444685
          4.8399999999999999         -0.5910953290056097
          4.8600000000000003         -0.5908471991643431
          4.8700000000000001         -0.5907247497488977
          4.8799999999999999         -0.5906033740402992
          4.8899999999999997         -0.5904830695847009
          4.9000000000000004         -0.5903638339379562
          4.9199999999999999         -0.5901285593885207
          4.9400000000000004         -0.5898975311910405
          4.9600000000000000         -0.5896707304546140
          4.9800000000000004         -0.5894481386301704
          5.0000000000000000         -0.5892297375411240
          5.0099999999999998         -0.5891221029539424
          5.0199999999999996         -0.5890155094195579
          5.0300000000000002         -0.5889099547851252
          5.0400000000000000         -0.5888054369241751
          5.0599999999999996         -0.5885995031656635
          5.0700000000000003         -0.5884980831631388
          5.0800000000000001         -0.5883976917257346
          5.0899999999999999         -0.5882983268778303
          5.0999999999999996         -0.5881999866728311
          5.2000000000000002         -0.5872725349225865
          5.2999999999999998         -0.5864456448481916
          5.4000000000000004         -0.5857178855087581
          5.5000000000000000         -0.5850880820633393
          5.6399999999999997         -0.5843690099828974
          5.6500000000000004         -0.5843248485474566
          5.6600000000000001         -0.5842816418687534
          5.6699999999999999         -0.5842393888812836
          5.6799999999999997         -0.5841980885018518
          5.6900000000000004         -0.5841577396284429
          5.7000000000000002         -0.5841183411291456
          5.7999999999999998         -0.5837763597947948
          5.8200000000000003         -0.5837192409537282
          5.8399999999999999         -0.5836658540351616
          5.8499999999999996         -0.5836405560212701
          5.8600000000000003         -0.5836161860680739
          5.8700000000000001         -0.5835927424413333
          5.8799999999999999         -0.5835702233573610
          5.9000000000000004         -0.5835279514380241
          5.9199999999999999         -0.5834893550388012
          5.9400000000000004         -0.5834544180456430
          5.9600000000000000         -0.5834231234703825
          5.9800000000000004         -0.5833954534148303
          6.0000000000000000         -0.5833713890450224
          6.0099999999999998         -0.5833607028441843
          6.0199999999999996         -0.5833509105646211
          6.0300000000000002         -0.5833420095765730
          6.0400000000000000         -0.5833339971878364
          6.0599999999999996         -0.5833206271236140
          6.0800000000000001         -0.5833107775500166
          6.0999999999999996         -0.5833044246065551
          6.1100000000000003         -0.5833025516272738
          6.1200000000000001         -0.5833015433792509
          6.1299999999999999         -0.5833013965820513
          6.1399999999999997         -0.5833021078875040
          6.1500000000000004         -0.5833036738819546
          6.1600000000000001         -0.5833060910821907
          6.1799999999999997         -0.5833134648427563
          6.2000000000000002         -0.5833241999723829
          6.2999999999999998         -0.5834271997862032
          6.3200000000000003         -0.5834574306468251
          6.3399999999999999         -0.5834907890614466
          6.3600000000000003         -0.5835272375945850
          6.3700000000000001         -0.5835466086969340
          6.3799999999999999         -0.5835667378633957
          6.3899999999999997         -0.5835876201520938
          6.4000000000000004         -0.5836092505678391
          6.4199999999999999         -0.5836547355170973
          6.4400000000000004         -0.5837031516631541
          6.4600000000000000         -0.5837544571343747
          6.4800000000000004         -0.5838086092672756
          6.5000000000000000         -0.5838655646445349
          7.0000000000000000         -0.5860629008109948
          7.2000000000000002         -0.5872555052985033
          7.4000000000000004         -0.5885561612854928
          7.5000000000000000         -0.5892337422319369
          7.5999999999999996         -0.5899231296305874
          7.7000000000000002         -0.5906200249963054
          7.7199999999999998         -0.5907599534934589
          7.7400000000000002         -0.5908999947645242
          7.7599999999999998         -0.5910401198320383
          7.7699999999999996         -0.5911102048929225
          7.7800000000000002         -0.5911803003011056
          7.7900000000000000         -0.5912504025953462
          7.7999999999999998         -0.5913205083549635
          7.8200000000000003         -0.5914607167456397
          7.8399999999999999         -0.5916008987952973
          7.8600000000000003         -0.5917410283844723
          7.8700000000000001         -0.5918110654957490
          7.8799999999999999         -0.5918810799475367
          7.8899999999999997         -0.5919510686301557
          7.9000000000000004         -0.5920210284664347
          7.9100000000000001         -0.5920909564151350
          8.0000000000000000         -0.5927183873067822
          8.0999999999999996         -0.5934097206426604
          8.1199999999999992         -0.5935470344180300
          8.1400000000000006         -0.5936839851727588
          8.1600000000000001         -0.5938205543739444
          8.1799999999999997         -0.5939567239401551
          8.1999999999999993         -0.5940924762244041
          8.2100000000000009         -0.5941601904904611
          8.2200000000000006         -0.5942277940147345
          8.2300000000000004         -0.5942952847124336
          8.2400000000000002         -0.5943626605240528
          8.2599999999999998         -0.5944970593809317
          8.2799999999999994         -0.5946309746246435
          8.3000000000000007         -0.5947643906951272
          8.4000000000000004         -0.5954234660833924
          8.5000000000000000         -0.5960679464454290
          8.5199999999999996         -0.5961949522790843
          8.5399999999999991         -0.5963213009076526
          8.5500000000000007         -0.5963842253229192
          8.5600000000000005         -0.5964469813366488
          8.5700000000000003         -0.5965095676221465
          8.5800000000000001         -0.5965719828699327
          8.5999999999999996         -0.5966962951084303
          8.6199999999999992         -0.5968199079431394
          8.6400000000000006         -0.5969428115433337
          8.6600000000000001         -0.5970649963571091
          8.6799999999999997         -0.5971864531006528
          8.6999999999999993         -0.5973071727534386
          8.8000000000000007         -0.5978994165486670
          9.0000000000000000         -0.5990241167309318
          9.0099999999999998         -0.5990781687351645
          9.0199999999999996         -0.5991320074252040
          9.0299999999999994         -0.5991856321277201
          9.0999999999999996         -0.5995549588173914
          9.1999999999999993         -0.6000639054247268
          9.2200000000000006         -0.6001630173979651
          9.2400000000000002         -0.6002612272762431
          9.2599999999999998         -0.6003585311698011
          9.2799999999999994         -0.6004549253083085
          9.2899999999999991         -0.6005027800698061
          9.3000000000000007         -0.6005504060293928
          9.3100000000000005         -0.6005978027459873
          9.3200000000000003         -0.6006449697841787
          9.3399999999999999         -0.6007386131238098
          9.3599999999999994         -0.6008313327031143
          9.3800000000000008         -0.6009231252736240
          9.4000000000000004         -0.6010139876835701
          9.4100000000000001         -0.6010590691174369
          9.4199999999999999         -0.6011039168697589
          9.4299999999999997         -0.6011485305699583
          9.4399999999999995         -0.6011929098583949
          9.4600000000000009         -0.6012809637586615
          9.4800000000000004         -0.6013680757632280
          9.5000000000000000         -0.6014542431455648
          9.8000000000000007         -0.6026317535965980
          9.9000000000000004         -0.6029756050605710
         10.0000000000000000         -0.6032947573201887
         10.1000000000000000         -0.6035890225675259
         10.1999999999999990         -0.6038582329714554
         10.2200000000000010         -0.6039090550349916
         10.2400000000000000         -0.6039588677878391
         10.2600000000000000         -0.6040076701594289
         10.2700000000000000         -0.6040316921269547
         10.2799999999999990         -0.6040554611102874
         10.2899999999999990         -0.6040789769880859
         10.3000000000000010         -0.6041022396367761
         10.3200000000000000         -0.6041480047611503
         10.3400000000000000         -0.6041927555476871
         10.3599999999999990         -0.6042364910856561
         10.3800000000000010         -0.6042792105068180
         10.4000000000000000         -0.6043209129754569
         10.5000000000000000         -0.6045141444918049
         10.6000000000000000         -0.6046818499306377
         10.6999999999999990         -0.6048239737191177
         10.8000000000000010         -0.6049404945679646
         10.9000000000000000         -0.6050314320216074
         11.0000000000000000         -0.6050968537427167
         11.0900000000000000         -0.6051340180843212
         11.1000000000000000         -0.6051368831682529
         11.1099999999999990         -0.6051394961389909
         11.1199999999999990         -0.6051418572235875
         11.1300000000000010         -0.6051439666497567
         11.1400000000000010         -0.6051458246551619
         11.1600000000000000         -0.6051487874052438
         11.1800000000000000         -0.6051507475229950
         11.1900000000000000         -0.6051513522702667
         11.1999999999999990         -0.6051517071860589
         11.2100000000000010         -0.6051518125574512
         11.2200000000000010         -0.6051516686882705
         11.2400000000000000         -0.6051506344507864
         11.2600000000000000         -0.6051486070194485
         11.2799999999999990         -0.6051455890671752
         11.3000000000000010         -0.6051415833943993
         11.4000000000000000         -0.6051068465161138
         11.5000000000000000         -0.6050479134768114
         11.6000000000000000         -0.6049652867895705
         11.6199999999999990         -0.6049459685581571
         11.6400000000000010         -0.6049257310132971
         11.6500000000000000         -0.6049152691408182
         11.6600000000000000         -0.6049045794281449
         11.6700000000000000         -0.6048936625531330
         11.6800000000000000         -0.6048825192058909
         11.6999999999999990         -0.6048595558918858
         11.7200000000000010         -0.6048356951563576
         11.7400000000000000         -0.6048109428143347
         11.7600000000000000         -0.6047853048038651
         11.7799999999999990         -0.6047587871945931
         11.8000000000000010         -0.6047313961855783
         11.9000000000000000         -0.6045815657497652
         12.0000000000000000         -0.6044108997004943
         12.1000000000000000         -0.6042203024544972
         12.1999999999999990         -0.6040107381836276
         12.3000000000000010         -0.6037832198994956
         12.4000000000000000         -0.6035387976312628
         12.5000000000000000         -0.6032785462220190
         13.0000000000000000         -0.6017777349525502
         13.5000000000000000         -0.6000378393207563
         14.0000000000000000         -0.5981663614780433
         14.1000000000000000         -0.5977836463860374
         14.1999999999999990         -0.5973993636293556
         14.3000000000000010         -0.5970139608785109
         14.4000000000000000         -0.5966278483051120
         14.5000000000000000         -0.5962414009551081
         14.6000000000000000         -0.5958549611031716
         14.6999999999999990         -0.5954688405338865
         14.8000000000000010         -0.5950833227615526
         14.9000000000000000         -0.5946986651289897
         15.0000000000000000         -0.5943151008170677
         15.1000000000000000         -0.5939328407341673
         15.1199999999999990         -0.5938565623252946
         15.1400000000000010         -0.5937803451862232
         15.1600000000000000         -0.5937041907232875
         15.1800000000000000         -0.5936281003089519
         15.1999999999999990         -0.5935520752825810
         15.2200000000000010         -0.5934761169606536
         15.2300000000000000         -0.5934381632138905
         15.2400000000000000         -0.5934002266263279
         15.2500000000000000         -0.5933623073485149
         15.2600000000000000         -0.5933244055399765
         15.2799999999999990         -0.5932486549366031
         15.3000000000000010         -0.5931729760182252
         15.4000000000000000         -0.5927956971931605
         15.5000000000000000         -0.5924203771774752
         15.6000000000000000         -0.5920471397870515
         15.6999999999999990         -0.5916760955104446
         15.7200000000000010         -0.5916021586809708
         15.7400000000000000         -0.5915283142744202
         15.7600000000000000         -0.5914545630011667
         15.7799999999999990         -0.5913809055604722
         15.8000000000000010         -0.5913073426292161
         15.8100000000000000         -0.5912705968118359
         15.8200000000000000         -0.5912338748708333
         15.8300000000000000         -0.5911971768820198
         15.8400000000000000         -0.5911605029303515
         15.8599999999999990         -0.5910872274423463
         15.8800000000000010         -0.5910140490124045
         15.9000000000000000         -0.5909409682470743
         16.0000000000000000         -0.5905770492615798
         16.1000000000000010         -0.5902156532249919
         16.1999999999999990         -0.5898568391558359
         16.3000000000000010         -0.5895006582639684
         16.3999999999999990         -0.5891471546464626
         16.5000000000000000         -0.5887963658822550
         16.6000000000000010         -0.5884483236311210
         16.6999999999999990         -0.5881030541186707
         16.8000000000000010         -0.5877605786379239
         16.8999999999999990         -0.5874209139886385
         17.0000000000000000         -0.5870840728494784
         17.5000000000000000         -0.5854424207683657
         18.0000000000000000         -0.5838714655403336
         18.5000000000000000         -0.5823699068297054
         19.0000000000000000         -0.5809356228163556
         19.5000000000000000         -0.5795660088635668
         20.0000000000000000         -0.5782581961374575
         20.5000000000000000         -0.5770091978903962
         21.0000000000000000         -0.5758160088989110
         21.5000000000000000         -0.5746756718489806
         22.0000000000000000         -0.5735853198853753
         22.5000000000000000         -0.5725422022356409
         23.0000000000000000         -0.5715436982146030
         23.5000000000000000         -0.5705873234603979
         24.0000000000000000         -0.5696707311068310
         24.5000000000000000         -0.5687917097450483
         25.0000000000000000         -0.5679481794019917
         25.5000000000000000         -0.5671381862884534
         26.0000000000000000         -0.5663598968962337
         26.5000000000000000         -0.5656115918359823
         27.0000000000000000         -0.5648916597017837
         27.5000000000000000         -0.5641985911216316
         28.0000000000000000         -0.5635309730767476
         28.5000000000000000         -0.5628874835240562
         29.0000000000000000         -0.5622668864309482
         29.5000000000000000         -0.5616680272886243
         30.0000000000000000         -0.5610898293278254
         31.0000000000000000         -0.5599914836078449
         32.0000000000000000         -0.5589647339719854
         32.1000000000000010         -0.5588657612454057
         32.2000000000000030         -0.5587674405573767
         32.2999999999999970         -0.5586697672509969
         32.3999999999999990         -0.5585727369121448
         32.5000000000000000         -0.5584763453783249
         32.6000000000000010         -0.5583805887773337
         32.7000000000000030         -0.5582854635424416
         32.7999999999999970         -0.5581909664664921
         32.8999999999999990         -0.5580970947311477
         33.0000000000000000         -0.5580038459693560
         33.1000000000000010         -0.5579112183301647
         33.2000000000000030         -0.5578192105519527
         33.2999999999999970         -0.5577278220705174
         33.3999999999999990         -0.5576370531187964
         33.5000000000000000         -0.5575469049073408
         33.6000000000000010         -0.5574573797686727
         33.6199999999999970         -0.5574395498072336
         33.6400000000000010         -0.5574217449543506
         33.6599999999999970         -0.5574039652399768
         33.6800000000000000         -0.5573862107126915
         33.7000000000000030         -0.5573684814191449
         33.7199999999999990         -0.5573507774037313
         33.7299999999999970         -0.5573419348905942
         33.7400000000000020         -0.5573330987184526
         33.7500000000000000         -0.5573242688937589
         33.7599999999999980         -0.5573154454250955
         33.7800000000000010         -0.5572978175758722
         33.7999999999999970         -0.5572802152360180
         33.8999999999999990         -0.5571925886489250
         34.0000000000000000         -0.5571056116061908
         34.1000000000000010         -0.5570192972113123
         34.2000000000000030         -0.5569336625798273
         34.2999999999999970         -0.5568487298961470
         34.3999999999999990         -0.5567645279610111
         34.5000000000000000         -0.5566810941885285
         34.6000000000000010         -0.5565984774515501
         34.7000000000000030         -0.5565167420047075
         34.7999999999999970         -0.5564359731272744
         34.8999999999999990         -0.5563562851463033
         35.0000000000000000         -0.5562778331923292
         36.0000000000000000         -0.5556741423118490
         37.0000000000000000         -0.5555721303525787
         38.0000000000000000         -0.5555596895249301
         45.0000000000000000         -0.5555555852513933
         50.0000000000000000         -0.5555555057455585
         55.0000000000000000         -0.5555554739937973
         60.0000000000000000         -0.5555554581660930
         70.0000000000000000         -0.5555554448041091
         80.0000000000000000         -0.5555554401596491
         90.0000000000000000         -0.5555554382908033
        100.0000000000000000         -0.5555554374543660
        200.0000000000000000         -0.5555554365434873
        300.0000000000000000         -0.5555554365308055
        400.0000000000000000         -0.5555554365297589
        500.0000000000000000         -0.5555554365295546
       1000.0000000000000000         -0.5555554365295177
