          0.8000000000000000         -0.3357668092170851
          1.0000000000000000         -0.4830913860457868
          1.1000000000000001         -0.5277275075352935
          1.2000000000000000         -0.5603017548716182
          1.3000000000000000         -0.5840805851870199
          1.3899999999999999         -0.5998551386227263
          1.3999999999999999         -0.6013375342639306
          1.4099999999999999         -0.6027712678270792
          1.6000000000000001         -0.6223231032119338
          1.7000000000000000         -0.6280998373347618
          1.8000000000000000         -0.6316761141413811
          1.8500000000000001         -0.6327991357581836
          1.8600000000000001         -0.6329773947384481
          1.8700000000000001         -0.6331410991279407
          1.8799999999999999         -0.6332906126472722
          1.8899999999999999         -0.6334262898362933
          1.8999999999999999         -0.6335484763180340
          1.9099999999999999         -0.6336575090575073
          1.9199999999999999         -0.6337537166035953
          1.9299999999999999         -0.6338374193332705
          1.9399999999999999         -0.6339089296748907
          1.9500000000000000         -0.6339685523422104
          1.9600000000000000         -0.6340165845390587
          1.9700000000000000         -0.6340533161772945
          1.9800000000000000         -0.6340790300759768
          1.9900000000000000         -0.6340940021585744
          2.0000000000000000         -0.6340985016415401
          2.0099999999999998         -0.6340927912206989
          2.0200000000000000         -0.6340771272471284
          2.0299999999999998         -0.6340517599028936
          2.0400000000000000         -0.6340169333654611
          2.0499999999999998         -0.6339728859715357
          2.0600000000000001         -0.6339198503732140
          2.0699999999999998         -0.6338580536914865
          2.0800000000000001         -0.6337877176652126
          2.0899999999999999         -0.6337090587894558
          2.1000000000000001         -0.6336222884604005
          2.2000000000000002         -0.6323515726092475
          2.3999999999999999         -0.6281198280027798
          2.4100000000000001         -0.6278639049126443
          2.4199999999999999         -0.6276045925044222
          2.4300000000000002         -0.6273419903995776
          2.4399999999999999         -0.6270761960608946
          2.6000000000000001         -0.6224612539037895
          2.7000000000000002         -0.6193196840230556
          2.7400000000000002         -0.6180257384731080
          2.7500000000000000         -0.6176996039495611
          2.7599999999999998         -0.6173725108046748
          2.7999999999999998         -0.6160555082299015
          2.8399999999999999         -0.6147268791481684
          2.8599999999999999         -0.6140590640722777
          2.8799999999999999         -0.6133893462258699
          2.8900000000000001         -0.6130538701622008
          2.8999999999999999         -0.6127180325045773
          2.9199999999999999         -0.6120454172996654
          2.9399999999999999         -0.6113717829121306
          2.9600000000000000         -0.6106973999570549
          2.9800000000000000         -0.6100225277608746
          3.0400000000000000         -0.6079974082562067
          3.0600000000000001         -0.6073229610138748
          3.0800000000000001         -0.6066491664189793
          3.1000000000000001         -0.6059762249612872
          3.1050000000000000         -0.6058081456032165
          3.1150000000000002         -0.6054721946838555
          3.1200000000000001         -0.6053043288834383
          3.1299999999999999         -0.6049688307889760
          3.2000000000000002         -0.6026307781801551
          3.2400000000000002         -0.6013047363152788
          3.2500000000000000         -0.6009745517063492
          3.2599999999999998         -0.6006449332607322
          3.2700000000000000         -0.6003158982997784
          3.2799999999999998         -0.5999874638177285
          3.2900000000000000         -0.5996596464912738
          3.2999999999999998         -0.5993324626870766
          3.3999999999999999         -0.5960988594788326
          3.5000000000000000         -0.5929445456287795
          3.7000000000000002         -0.5869208210826504
          3.7999999999999998         -0.5840711669448364
          3.8999999999999999         -0.5813418656161886
          4.3799999999999999         -0.5705360642980967
          4.5000000000000000         -0.5692355277669602
          4.5199999999999996         -0.5691627295407349
          4.5300000000000002         -0.5691437641519724
          4.5400000000000000         -0.5691361450280217
          4.5499999999999998         -0.5691394875818371
          4.5599999999999996         -0.5691532820655151
          4.5800000000000001         -0.5692096865499150
          4.5999999999999996         -0.5692995977180837
          4.6200000000000001         -0.5694166430539815
          4.6399999999999997         -0.5695543755358808
          4.6600000000000001         -0.5697065912337228
          4.6799999999999997         -0.5698674628681398
          4.7000000000000002         -0.5700315606491962
          4.7199999999999998         -0.5701938280338281
          4.7400000000000002         -0.5703495626649034
          4.7599999999999998         -0.5704944343607127
          4.7800000000000002         -0.5706245547492643
          4.7900000000000000         -0.5706830172366658
          4.7999999999999998         -0.5707365952322788
          4.8099999999999996         -0.5707849838991772
          4.8200000000000003         -0.5708279311112354
          4.8399999999999999         -0.5708967740076729
          4.8600000000000003         -0.5709422495934600
          4.8700000000000001         -0.5709562011642311
          4.8799999999999999         -0.5709643888053839
          4.8899999999999997         -0.5709669409851524
          4.9000000000000004         -0.5709640257238465
          4.9199999999999999         -0.5709426229871853
          4.9400000000000004         -0.5709020630557873
          4.9600000000000000         -0.5708444448639690
          4.9800000000000004         -0.5707719140360269
          5.0000000000000000         -0.5706865391731408
          5.0099999999999998         -0.5706396405690346
          5.0199999999999996         -0.5705902337630351
          5.0300000000000002         -0.5705385271139954
          5.0400000000000000         -0.5704847158170934
          5.0599999999999996         -0.5703714949055885
          5.0700000000000003         -0.5703124115269317
          5.0800000000000001         -0.5702518769491776
          5.0899999999999999         -0.5701900250598750
          5.0999999999999996         -0.5701269791810593
          5.2000000000000002         -0.5694517339773728
          5.2999999999999998         -0.5687376522586001
          5.4000000000000004         -0.5680167964189977
          5.5000000000000000         -0.5673026759037849
          5.6399999999999997         -0.5663251878119729
          5.6500000000000004         -0.5662565607867518
          5.6600000000000001         -0.5661881050694394
          5.6699999999999999         -0.5661198226199546
          5.6799999999999997         -0.5660517153455218
          5.6900000000000004         -0.5659837851085397
          5.7000000000000002         -0.5659160337296653
          5.7999999999999998         -0.5652487351698875
          5.8200000000000003         -0.5651175892291653
          5.8399999999999999         -0.5649872437866321
          5.8499999999999996         -0.5649223750342065
          5.8600000000000003         -0.5648577109217857
          5.8700000000000001         -0.5647932529309162
          5.8799999999999999         -0.5647290025314069
          5.9000000000000004         -0.5646011303357281
          5.9199999999999999         -0.5644741058870251
          5.9400000000000004         -0.5643479405697035
          5.9600000000000000         -0.5642226455977771
          5.9800000000000004         -0.5640982320121529
          6.0000000000000000         -0.5639747106717742
          6.0099999999999998         -0.5639132879370379
          6.0199999999999996         -0.5638520922508561
          6.0300000000000002         -0.5637911249166777
          6.0400000000000000         -0.5637303872256210
          6.0599999999999996         -0.5636096058681410
          6.0800000000000001         -0.5634897582373537
          6.0999999999999996         -0.5633708541683240
          6.1100000000000003         -0.5633117589797849
          6.1200000000000001         -0.5632529032642998
          6.1299999999999999         -0.5631942881846155
          6.1399999999999997         -0.5631359148877420
          6.1500000000000004         -0.5630777845051269
          6.1600000000000001         -0.5630198981517428
          6.1799999999999997         -0.5629048619112196
          6.2000000000000002         -0.5627908147570045
          6.2999999999999998         -0.5622356965567389
          6.3200000000000003         -0.5621277486634213
          6.3399999999999999         -0.5620208420485183
          6.3600000000000003         -0.5619149829756029
          6.3700000000000001         -0.5618624481401325
          6.3799999999999999         -0.5618101773989611
          6.3899999999999997         -0.5617581714473134
          6.4000000000000004         -0.5617064309619308
          6.4199999999999999         -0.5616037489945048
          6.4400000000000004         -0.5615021365120452
          6.4600000000000000         -0.5614015982123219
          6.4800000000000004         -0.5613021384776106
          6.5000000000000000         -0.5612037613704149
          7.0000000000000000         -0.5591015794193896
          7.2000000000000002         -0.5584509123796761
          7.4000000000000004         -0.5579023131442769
          7.5000000000000000         -0.5576638745032687
          7.5999999999999996         -0.5574477902256871
          7.7000000000000002         -0.5572527692132254
          7.7199999999999998         -0.5572161737991100
          7.7400000000000002         -0.5571803555037989
          7.7599999999999998         -0.5571453031387937
          7.7699999999999996         -0.5571280606710292
          7.7800000000000002         -0.5571110054696380
          7.7900000000000000         -0.5570941361246102
          7.7999999999999998         -0.5570774512239487
          7.8200000000000003         -0.5570446291010595
          7.8399999999999999         -0.5570125277807962
          7.8600000000000003         -0.5569811359326402
          7.8700000000000001         -0.5569657025188222
          7.8799999999999999         -0.5569504422237965
          7.8899999999999997         -0.5569353536317517
          7.9000000000000004         -0.5569204353285072
          7.9100000000000001         -0.5569056859004926
          8.0000000000000000         -0.5567803081558400
          8.0999999999999996         -0.5566556703518863
          8.1199999999999992         -0.5566324807678760
          8.1400000000000006         -0.5566098454369005
          8.1600000000000001         -0.5565877537985479
          8.1799999999999997         -0.5565661953939031
          8.1999999999999993         -0.5565451598699170
          8.2100000000000009         -0.5565348349830832
          8.2200000000000006         -0.5565246369844800
          8.2300000000000004         -0.5565145646116472
          8.2400000000000002         -0.5565046166093612
          8.2599999999999998         -0.5564850887345190
          8.2799999999999994         -0.5564660434706019
          8.3000000000000007         -0.5564474710526598
          8.4000000000000004         -0.5563613688532250
          8.5000000000000000         -0.5562856979304243
          8.5199999999999996         -0.5562717197175924
          8.5399999999999991         -0.5562581074565615
          8.5500000000000007         -0.5562514360418123
          8.5600000000000005         -0.5562448531123693
          8.5700000000000003         -0.5562383576841859
          8.5800000000000001         -0.5562319487818674
          8.5999999999999996         -0.5562193866920622
          8.6199999999999992         -0.5562071591980207
          8.6400000000000006         -0.5561952587812603
          8.6600000000000001         -0.5561836780478190
          8.6799999999999997         -0.5561724097249636
          8.6999999999999993         -0.5561614466597122
          8.8000000000000007         -0.5561109678472247
          9.0000000000000000         -0.5560290996162125
          9.0099999999999998         -0.5560255916474264
          9.0199999999999996         -0.5560221341564185
          9.0299999999999994         -0.5560187264510776
          9.0999999999999996         -0.5559962093209192
          9.1999999999999993         -0.5559677637076901
          9.2200000000000006         -0.5559625515503440
          9.2400000000000002         -0.5559574869204991
          9.2599999999999998         -0.5559525650548356
          9.2799999999999994         -0.5559477812660001
          9.2899999999999991         -0.5559454397069998
          9.3000000000000007         -0.5559431309451515
          9.3100000000000005         -0.5559408544168541
          9.3200000000000003         -0.5559386095638270
          9.3399999999999999         -0.5559342126750788
          9.3599999999999994         -0.5559299359166412
          9.3800000000000008         -0.5559257750114445
          9.4000000000000004         -0.5559217257713590
          9.4100000000000001         -0.5559197417413188
          9.4199999999999999         -0.5559177840976131
          9.4299999999999997         -0.5559158523424287
          9.4399999999999995         -0.5559139459837126
          9.4600000000000009         -0.5559102075164551
          9.4800000000000004         -0.5559065648782369
          9.5000000000000000         -0.5559030143487018
          9.8000000000000007         -0.5558585852474976
          9.9000000000000004         -0.5558465013693680
         10.0000000000000000         -0.5558353408081751
         10.0999999999999996         -0.5558249175125273
         10.1999999999999993         -0.5558150871237609
         10.2200000000000006         -0.5558131819822978
         10.2400000000000002         -0.5558112953283459
         10.2599999999999998         -0.5558094264669349
         10.2699999999999996         -0.5558084985018555
         10.2799999999999994         -0.5558075747420788
         10.2899999999999991         -0.5558066551113905
         10.3000000000000007         -0.5558057395361166
         10.3200000000000003         -0.5558039202674510
         10.3399999999999999         -0.5558021163884899
         10.3599999999999994         -0.5558003273837777
         10.3800000000000008         -0.5557985527696875
         10.4000000000000004         -0.5557967920906863
         10.5000000000000000         -0.5557881836730170
         10.5999999999999996         -0.5557798697846539
         10.6999999999999993         -0.5557718185406366
         10.8000000000000007         -0.5557640074870609
         10.9000000000000004         -0.5557564211100812
         11.0000000000000000         -0.5557490489113217
         11.0899999999999999         -0.5557425912521164
         11.0999999999999996         -0.5557418839356325
         11.1099999999999994         -0.5557411786450933
         11.1199999999999992         -0.5557404753765308
         11.1300000000000008         -0.5557397741268687
         11.1400000000000006         -0.5557390748930818
         11.1600000000000001         -0.5557376824603731
         11.1799999999999997         -0.5557362980553230
         11.1899999999999995         -0.5557356088568131
         11.1999999999999993         -0.5557349216574816
         11.2100000000000009         -0.5557342364550715
         11.2200000000000006         -0.5557335532470197
         11.2400000000000002         -0.5557321928064346
         11.2599999999999998         -0.5557308403190925
         11.2799999999999994         -0.5557294957699087
         11.3000000000000007         -0.5557281591444936
         11.4000000000000004         -0.5557215944385026
         11.5000000000000000         -0.5557152261012570
         11.5999999999999996         -0.5557090528885011
         11.6199999999999992         -0.5557078415510489
         11.6400000000000006         -0.5557066379569252
         11.6500000000000004         -0.5557060390602465
         11.6600000000000001         -0.5557054420951619
         11.6699999999999999         -0.5557048470602738
         11.6799999999999997         -0.5557042539541603
         11.6999999999999993         -0.5557030735216396
         11.7200000000000006         -0.5557019007854025
         11.7400000000000002         -0.5557007357322951
         11.7599999999999998         -0.5556995783488539
         11.7799999999999994         -0.5556984286211546
         11.8000000000000007         -0.5556972865347055
         11.9000000000000004         -0.5556916901761484
         12.0000000000000000         -0.5556862823559159
         12.0999999999999996         -0.5556810606238998
         12.1999999999999993         -0.5556760221702182
         12.3000000000000007         -0.5556711638451907
         12.4000000000000004         -0.5556664821882630
         12.5000000000000000         -0.5556619734645688
         13.0000000000000000         -0.5556418790668163
         13.5000000000000000         -0.5556254587777526
         14.0000000000000000         -0.5556121507168122
         14.0999999999999996         -0.5556098152753539
         14.1999999999999993         -0.5556075791064924
         14.3000000000000007         -0.5556054383520675
         14.4000000000000004         -0.5556033892546904
         14.5000000000000000         -0.5556014281597194
         14.5999999999999996         -0.5555995515155556
         14.6999999999999993         -0.5555977558748979
         14.8000000000000007         -0.5555960378945514
         14.9000000000000004         -0.5555943943355103
         15.0000000000000000         -0.5555928220628114
         15.0999999999999996         -0.5555913180445285
         15.1199999999999992         -0.5555910251717922
         15.1400000000000006         -0.5555907348888075
         15.1600000000000001         -0.5555904471727303
         15.1799999999999997         -0.5555901620008723
         15.1999999999999993         -0.5555898793509538
         15.2200000000000006         -0.5555895992006158
         15.2300000000000004         -0.5555894600557156
         15.2400000000000002         -0.5555893215275592
         15.2500000000000000         -0.5555891836131973
         15.2599999999999998         -0.5555890463100549
         15.2799999999999994         -0.5555887735260295
         15.3000000000000007         -0.5555885031540067
         15.4000000000000004         -0.5555871867256544
         15.5000000000000000         -0.5555859274369743
         15.5999999999999996         -0.5555847227560438
         15.6999999999999993         -0.5555835702474047
         15.7200000000000006         -0.5555833457987465
         15.7400000000000002         -0.5555831233246588
         15.7599999999999998         -0.5555829028069672
         15.7799999999999994         -0.5555826842278495
         15.8000000000000007         -0.5555824675695101
         15.8100000000000005         -0.5555823599549224
         15.8200000000000003         -0.5555822528139636
         15.8300000000000001         -0.5555821461443383
         15.8399999999999999         -0.5555820399439152
         15.8599999999999994         -0.5555818289418710
         15.8800000000000008         -0.5555816197903420
         15.9000000000000004         -0.5555814124727615
         16.0000000000000000         -0.5555804027982832
         16.1000000000000014         -0.5555794364754062
         16.1999999999999993         -0.5555785115198828
         16.3000000000000007         -0.5555776260309253
         16.3999999999999986         -0.5555767781900628
         16.5000000000000000         -0.5555759662580420
         16.6000000000000014         -0.5555751885725646
         16.6999999999999993         -0.5555744435462815
         16.8000000000000007         -0.5555737296642510
         16.8999999999999986         -0.5555730454813289
         17.0000000000000000         -0.5555723896200535
         17.5000000000000000         -0.5555694913669232
         18.0000000000000000         -0.5555671293171155
         18.5000000000000000         -0.5555651933534589
         19.0000000000000000         -0.5555635984000447
         19.5000000000000000         -0.5555622780954672
         20.0000000000000000         -0.5555611797799628
         20.5000000000000000         -0.5555602610565396
         21.0000000000000000         -0.5555594876548950
         21.5000000000000000         -0.5555588320516270
         22.0000000000000000         -0.5555582724209333
         22.5000000000000000         -0.5555577917615468
         23.0000000000000000         -0.5555573772186534
         23.5000000000000000         -0.5555570196181944
         24.0000000000000000         -0.5555567131684732
         24.5000000000000000         -0.5555564552810560
         25.0000000000000000         -0.5555562465275822
         25.5000000000000000         -0.5555560908420044
         26.0000000000000000         -0.5555559959572423
         26.5000000000000000         -0.5555559732371542
         27.0000000000000000         -0.5555560338029133
         27.5000000000000000         -0.5555561763206706
         28.0000000000000000         -0.5555563723617871
         28.5000000000000000         -0.5555565729357788
         29.0000000000000000         -0.5555567359461476
         29.5000000000000000         -0.5555568418500403
         30.0000000000000000         -0.5555568898290244
         31.0000000000000000         -0.5555568502129404
         32.0000000000000000         -0.5555567058226956
         32.1000000000000014         -0.5555566885844321
         32.2000000000000028         -0.5555566710722257
         32.2999999999999972         -0.5555566533338040
         32.3999999999999986         -0.5555566354140734
         32.5000000000000000         -0.5555566173546748
         32.6000000000000014         -0.5555565991946857
         32.7000000000000028         -0.5555565809696627
         32.7999999999999972         -0.5555565627134040
         32.8999999999999986         -0.5555565444564412
         33.0000000000000000         -0.5555565262271892
         33.1000000000000014         -0.5555565080515941
         33.2000000000000028         -0.5555564899535252
         33.2999999999999972         -0.5555564719547758
         33.3999999999999986         -0.5555564540750857
         33.5000000000000000         -0.5555564363322465
         33.6000000000000014         -0.5555564187424946
         33.6199999999999974         -0.5555564152441936
         33.6400000000000006         -0.5555564117527524
         33.6599999999999966         -0.5555564082681543
         33.6799999999999997         -0.5555564047907174
         33.7000000000000028         -0.5555564013203419
         33.7199999999999989         -0.5555563978571750
         33.7299999999999969         -0.5555563961284314
         33.7400000000000020         -0.5555563944014161
         33.7500000000000000         -0.5555563926763519
         33.7599999999999980         -0.5555563909530434
         33.7800000000000011         -0.5555563875121577
         33.7999999999999972         -0.5555563840788554
         33.8999999999999986         -0.5555563670295617
         34.0000000000000000         -0.5555563501827352
         34.1000000000000014         -0.5555563335471638
         34.2000000000000028         -0.5555563171308846
         34.2999999999999972         -0.5555563009404798
         34.3999999999999986         -0.5555562849817329
         34.5000000000000000         -0.5555562692596083
         34.6000000000000014         -0.5555562537778850
         34.7000000000000028         -0.5555562385398372
         34.7999999999999972         -0.5555562235480317
         34.8999999999999986         -0.5555562088041648
         35.0000000000000000         -0.5555561943094512
         36.0000000000000000         -0.5555560629960694
         37.0000000000000000         -0.5555559550594795
         38.0000000000000000         -0.5555558673057462
         45.0000000000000000         -0.5555555729216041
         50.0000000000000000         -0.5555555052271234
         55.0000000000000000         -0.5555554739701192
         60.0000000000000000         -0.5555554581650366
         70.0000000000000000         -0.5555554448041485
         80.0000000000000000         -0.5555554401597180
         90.0000000000000000         -0.5555554382908051
        100.0000000000000000         -0.5555554374544451
        200.0000000000000000         -0.5555554365434833
        300.0000000000000000         -0.5555554365307614
        400.0000000000000000         -0.5555554365297969
        500.0000000000000000         -0.5555554365296546
       1000.0000000000000000         -0.5555554365295015
