#Prende de 0.2 à 7eV
0.08	 0
0.09	 1411.24
0.1	 4349.42
0.11	 4511.72
0.12	 5660.2
0.13	 6950.84
0.14	 6313.86
0.15	 6424.96
0.16	 5958.92
0.17	 5436.64
0.18	 6135.38
0.19	 5869
0.2	 6018.32
0.21	 5828.66
0.22	 5590.98
0.23	 5727.46
0.24	 5251.98
0.25	 5969.54
0.26	 5522.16
0.27	 5497.56
0.28	 5432.96
0.29	 5129.94
0.3	 5638.94
0.31	 5421.32
0.32	 5406.22
0.33	 5560.48
0.34	 5388.86
0.35	 5459.92
0.36	 5346.92
0.37	 5567.38
0.38	 5558.08
0.39	 5069.36
0.4	 5443.78
0.41	 5243.78
0.42	 5061.46
0.43	 5575.64
0.44	 5706.4
0.45	 5460.58
0.46	 5529.68
0.47	 5239.3
0.48	 5166.58
0.49	 5442.46
0.5	 5375
0.51	 5598.88
0.52	 5757.68
0.53	 5661.98
0.54	 5266.04
0.55	 5278.26
0.56	 5354.6
0.57	 5368.34
0.58	 5214.4
0.59	 5471.02
0.6	 5353.42
0.61	 5535.66
0.62	 5139.56
0.63	 5399.72
0.64	 4867.36
0.65	 5325.06
0.66	 5100.5
0.67	 4910.74
0.68	 5187.12
0.69	 4929.26
0.7	 4916.04
0.71	 5191.38
0.72	 5252.84
0.73	 4890.08
0.74	 5032.42
0.75	 4723.04
0.76	 4864.28
0.77	 4811.34
0.78	 4803.6
0.79	 4852.48
0.8	 4595.9
0.81	 4608.28
0.82	 4739.02
0.83	 4748.62
0.84	 4558.6
0.85	 4416.3
0.86	 4663.44
0.87	 4900.66
0.88	 4936.62
0.89	 4670.56
0.9	 4512.92
0.91	 4630.9
0.92	 4418.68
0.93	 4268.18
0.94	 4333.84
0.95	 4513.68
0.96	 4167.08
0.97	 4126.46
0.98	 4471
0.99	 4322.48
1	 4364.86
1.01	 4431.22
1.02	 4447.46
1.03	 4174.04
1.04	 4217.18
1.05	 4310.58
1.06	 4138.28
1.07	 4093.2
1.08	 4242.28
1.09	 3963.54
1.1	 4171.84
1.11	 3836.28
1.12	 3904.9
1.13	 3740.06
1.14	 3770.42
1.15	 3503.66
1.16	 3855
1.17	 3847.6
1.18	 3832.26
1.19	 3439.28
1.2	 3595.5
1.21	 3848.88
1.22	 3970.4
1.23	 3968.38
1.24	 3539.56
1.25	 3542.3
1.26	 3554.52
1.27	 3491.76
1.28	 3708.32
1.29	 3705.92
1.3	 3541
1.31	 3238.68
1.32	 3450.62
1.33	 3262.46
1.34	 3639.02
1.35	 3477.58
1.36	 3220.3
1.37	 3473.28
1.38	 3067.44
1.39	 3104.9
1.4	 2954.7
1.41	 3050.66
1.42	 3461.72
1.43	 2910.36
1.44	 2853.9
1.45	 2932.08
1.46	 3293.78
1.47	 3253.26
1.48	 3019.86
1.49	 3041.82
1.5	 2936.26
1.51	 2691.68
1.52	 3201.52
1.53	 2737
1.54	 2628.7
1.55	 3118.34
1.56	 2978.06
1.57	 2688.96
1.58	 3043.82
1.59	 3075.04
1.6	 2905.02
1.61	 3237.66
1.62	 2612.36
1.63	 2865.4
1.64	 2627.94
1.65	 2554.7
1.66	 2846.48
1.67	 2515.42
1.68	 2787.6
1.69	 2889.62
1.7	 3006.38
1.71	 2867.12
1.72	 2632.7
1.73	 2593.3
1.74	 2392.16
1.75	 2337.3
1.76	 2469.88
1.77	 2603.22
1.78	 2984.84
1.79	 2567.22
1.8	 2827.62
1.81	 2942.6
1.82	 2644.82
1.83	 2599.08
1.84	 2432.5
1.85	 2849.72
1.86	 2430.32
1.87	 2138.7
1.88	 2628.68
1.89	 2503.58
1.9	 2185.66
1.91	 2454.62
1.92	 2448.98
1.93	 2359.06
1.94	 2323.14
1.95	 2028.14
1.96	 2014.82
1.97	 2279.86
1.98	 2342.88
1.99	 2246.52
2	 2322.78
2.01	 2248.68
2.02	 2218.7
2.03	 2097.4
2.04	 2220.94
2.05	 2150.2
2.06	 2259.9
2.07	 2059.3
2.08	 2195.96
2.09	 2163.76
2.1	 1825.93
2.11	 1791.42
2.12	 1981.72
2.13	 1783.81
2.14	 1697.67
2.15	 2108.38
2.16	 2104.72
2.17	 2639.04
2.18	 1743.21
2.19	 1910.67
2.2	 1720.99
2.21	 1903.55
2.22	 2121.08
2.23	 1610.58
2.24	 1761.44
2.25	 1595.7
2.26	 1833.33
2.27	 1757.45
2.28	 1915.2
2.29	 2019.18
2.3	 1720.85
2.31	 2080.58
2.32	 2109.98
2.33	 1994.56
2.34	 1988.24
2.35	 1660.51
2.36	 1556.51
2.37	 1949.52
2.38	 1441.02
2.39	 1641.23
2.4	 1609.55
2.41	 1559.06
2.42	 1840.88
2.43	 1398.91
2.44	 1427.65
2.45	 1417.82
2.46	 1685.92
2.47	 1473.3
2.48	 1481.12
2.49	 1284.09
2.5	 1289.72
2.51	 1649.08
2.52	 1429.61
2.53	 1604.53
2.54	 1672.55
2.55	 1470.18
2.56	 1393.6
2.57	 1570.84
2.58	 1536.91
2.59	 1413.21
2.6	 1725.46
2.61	 1406.45
2.62	 1065.69
2.63	 1332.89
2.64	 1470.41
2.65	 1455.36
2.66	 1240.51
2.67	 1403.14
2.68	 1341.86
2.69	 1236.21
2.7	 1354.95
2.71	 1474.93
2.72	 1141.76
2.73	 1238.34
2.74	 1221
2.75	 1410.43
2.76	 1232.08
2.77	 1025.93
2.78	 1477.32
2.79	 1365.83
2.8	 1228.69
2.81	 1209.1
2.82	 1405.36
2.83	 1531.75
2.84	 1178.79
2.85	 1474.49
2.86	 1018.04
2.87	 1023.21
2.88	 1175.47
2.89	 1256.25
2.9	 1235.43
2.91	 1191.14
2.92	 1121.85
2.93	 1100.71
2.94	 1154.72
2.95	 1134.17
2.96	 963.164
2.97	 1197.34
2.98	 1099.2
2.99	 923.908
3	 1972.22
3.01	 1157.77
3.02	 1264.61
3.03	 1412.78
3.04	 1214.82
3.05	 1241.84
3.06	 1020.27
3.07	 1006.04
3.08	 926.514
3.09	 974.728
3.1	 1170.07
3.11	 1088.02
3.12	 985.68
3.13	 1162.19
3.14	 1124.59
3.15	 869.286
3.16	 939.092
3.17	 877.158
3.18	 1102.56
3.19	 1327.87
3.2	 1178.88
3.21	 961.918
3.22	 763.458
3.23	 1171.85
3.24	 882.176
3.25	 818.276
3.26	 936.014
3.27	 1238.58
3.28	 1038.72
3.29	 928.174
3.3	 932.304
3.31	 795.25
3.32	 985.158
3.33	 824.686
3.34	 686.156
3.35	 736.784
3.36	 1073.54
3.37	 862.15
3.38	 1080.47
3.39	 747.584
3.4	 1114.85
3.41	 779.358
3.42	 1002.76
3.43	 540.802
3.44	 888.652
3.45	 966.362
3.46	 970.178
3.47	 897.41
3.48	 876.094
3.49	 1032.61
3.5	 631.906
3.51	 761.108
3.52	 713.362
3.53	 870.04
3.54	 667.3
3.55	 980.494
3.56	 854.536
3.57	 804.792
3.58	 886.14
3.59	 966.664
3.6	 707.592
3.61	 1078.14
3.62	 870.356
3.63	 953.776
3.64	 611.468
3.65	 853.824
3.66	 697.686
3.67	 969.138
3.68	 1080.69
3.69	 868.248
3.7	 980.28
3.71	 710.426
3.72	 740.088
3.73	 659.95
3.74	 661.464
3.75	 664.248
3.76	 667.326
3.77	 558.152
3.78	 643.904
3.79	 1040.47
3.8	 1099.29
3.81	 875.55
3.82	 595.058
3.83	 796.324
3.84	 712.856
3.85	 915.264
3.86	 775.386
3.87	 979.704
3.88	 693.114
3.89	 782.914
3.9	 786.286
3.91	 554.292
3.92	 790.06
3.93	 528.662
3.94	 677.816
3.95	 473.1
3.96	 948.084
3.97	 713.108
3.98	 745.442
3.99	 657.756
4	 750.528
4.01	 571.994
4.02	 483.146
4.03	 696.616
4.04	 425.344
4.05	 792.514
4.06	 642.24
4.07	 551.808
4.08	 400.626
4.09	 925.94
4.1	 681.996
4.11	 373.116
4.12	 529.866
4.13	 531
4.14	 533.06
4.15	 880.472
4.16	 535.388
4.17	 569.438
4.18	 602.584
4.19	 541.002
4.2	 478.396
4.21	 607.482
4.22	 832.508
4.23	 546.282
4.24	 418.87
4.25	 549.274
4.26	 421.996
4.27	 618.3
4.28	 978.79
4.29	 490.256
4.3	 786.898
4.31	 493.508
4.32	 758.762
4.33	 596.036
4.34	 565.312
4.35	 599.8
4.36	 601.336
4.37	 435.512
4.38	 403.136
4.39	 539.146
4.4	 472.718
4.41	 575.216
4.42	 576.658
4.43	 816.454
4.44	 443.726
4.45	 376.914
4.46	 309.356
4.47	 861.308
4.48	 483.586
4.49	 658.16
4.5	 208.268
4.51	 696.108
4.52	 453.532
4.53	 559.664
4.54	 981.674
4.55	 561.884
4.56	 423.072
4.57	 529.894
4.58	 531.56
4.59	 426.406
4.6	 392.41
4.61	 321.988
4.62	 645.78
4.63	 646.904
4.64	 648.534
4.65	 686.326
4.66	 579.282
4.67	 290.15
4.68	 327.472
4.69	 328.148
4.7	 511.552
4.71	 476.302
4.72	 404.198
4.73	 589.264
4.74	 406.206
4.75	 443.972
4.76	 519.234
4.77	 446.616
4.78	 373.546
4.79	 449.472
4.8	 488.502
4.81	 489.294
4.82	 414.922
4.83	 415.722
4.84	 303.116
4.85	 569.324
4.86	 266.216
4.87	 190.582
4.88	 152.984
4.89	 383.268
4.9	 307.484
4.91	 462.376
4.92	 617.908
4.93	 271.066
4.94	 155.454
4.95	 389.654
4.96	 507.826
4.97	 430.15
4.98	 274.382
4.99	 275.032
5	 472.186
5.01	 394.972
5.02	 316.38
5.03	 436.206
5.04	 516.896
5.05	 478.26
5.06	 638.19
5.07	 320.09
5.08	 360.842
5.09	 562.796
5.1	 564.686
5.11	 323.344
5.12	 405.502
5.13	 162.592
5.14	 284.724
5.15	 366.352
5.16	 244.744
5.17	 327.24
5.18	 450.624
5.19	 369.424
5.2	 205.736
5.21	 206.01
5.22	 123.839
5.23	 289.664
5.24	 124.336
5.25	 457.532
5.26	 417.174
5.27	 292.612
5.28	 461.038
5.29	 210.154
5.3	 294.95
5.31	 211.3
5.32	 423.396
5.33	 254.602
5.34	 170.202
5.35	 298.792
5.36	 256.506
5.37	 256.934
5.38	 257.304
5.39	 257.602
5.4	 300.71
5.41	 86.0064
5.42	 0
5.43	 345.062
5.44	 129.85
5.45	 303.586
5.46	 304.652
5.47	 43.6082
5.48	 174.761
5.49	 87.5142
5.5	 43.8396
5.51	 175.4
5.52	 88.0948
5.53	 132.315
5.54	 220.838
5.55	 132.819
5.56	 132.914
5.57	 221.866
5.58	 311.246
5.59	 133.582
5.6	 223.44
5.61	 358.84
5.62	 269.652
5.63	 135.095
5.64	 135.341
5.65	 135.555
5.66	 181.081
5.67	 226.834
5.68	 272.732
5.69	 182.29
5.7	 91.3858
5.71	 137.231
5.72	 91.7128
5.73	 137.731
5.74	 322.166
5.75	 138.277
5.76	 230.632
5.77	 231.048
5.78	 139.044
5.79	 139.183
5.8	 92.8234
5.81	 93.0846
5.82	 279.71
5.83	 186.754
5.84	 46.7618
5.85	 328.242
5.86	 46.9628
5.87	 141.075
5.88	 94.1572
5.89	 188.816
5.9	 426
5.91	 189.671
5.92	 237.21
5.93	 190.229
5.94	 190.595
5.95	 95.493
5.96	 143.775
5.97	 192.072
5.98	 144.277
5.99	 96.4842
6	 338.178
6.01	 241.806
6.02	 193.836
6.03	 97.1398
6.04	 97.3178
6.05	 194.967
6.06	 146.754
6.07	 147.006
6.08	 196.318
6.09	 0
6.1	 394.014
6.11	 147.942
6.12	 197.833
6.13	 148.631
6.14	 148.909
6.15	 198.731
6.16	 348.572
6.17	 149.528
6.18	 149.799
6.19	 200.082
6.2	 50.081
6.21	 100.419
6.22	 0
6.23	 201.382
6.24	 151.385
6.25	 101.129
6.26	 101.308
6.27	 101.446
6.28	 101.516
6.29	 50.7994
6.3	 0
6.31	 0
6.32	 51.1594
6.33	 153.732
6.34	 256.822
6.35	 51.4996
6.36	 309.318
6.37	 154.885
6.38	 155.24
6.39	 103.681
6.4	 51.9238
6.41	 51.9674
6.42	 208.218
6.43	 52.289
6.44	 104.696
6.45	 314.352
6.46	 105.073
6.47	 210.562
6.48	 158.145
6.49	 105.663
6.5	 105.813
6.51	 52.9668
6.52	 212.048
6.53	 106.191
6.54	 106.403
6.55	 106.671
6.56	 0
6.57	 213.94
6.58	 53.5542
6.59	 107.557
6.6	 53.8644
6.61	 161.922
6.62	 54.0956
6.63	 108.412
6.64	 216.95
6.65	 108.872
6.66	 54.544
6.67	 109.232
6.68	 273.24
6.69	 0
6.7	 109.57
6.71	 274.492
6.72	 109.862
6.73	 0
6.74	 110.212
6.75	 110.457
6.76	 55.2614
6.77	 110.638
6.78	 221.524
6.79	 222.02
6.8	 0
6.81	 55.7336
6.82	 0
6.83	 111.836
6.84	 0
6.85	 168.54
6.86	 225.094
6.87	 56.397
6.88	 169.397
6.89	 113.06
6.9	 113.344
6.91	 113.526
6.92	 56.8846
6.93	 113.874
6.94	 56.9718
6.95	 228.166
6.96	 171.23
6.97	 57.0942
6.98	 114.382
6.99	 0
7	 57.4072
7.01	 115.063
7.02	 57.7012
7.03	 0
7.04	 57.9936
7.05	 116.06
7.06	 58.0298
7.07	 0
7.08	 0
7.09	 58.3074
7.1	 0
7.11	 58.5322
7.12	 176.152
7.13	 58.7542
7.14	 235.092
7.15	 58.8378
7.16	 58.9454
7.17	 58.992
7.18	 118.209
7.19	 0
7.2	 118.567
7.21	 118.794
7.22	 119.175
7.23	 59.7024
7.24	 0
7.25	 59.808
7.26	 59.9382
7.27	 60.0736
7.28	 60.1806
7.29	 180.835
7.3	 181.172
7.31	 242.074
7.32	 181.793
7.33	 60.7212
7.34	 121.601
7.35	 182.521
7.36	 0
7.37	 61.0302
7.38	 183.467
7.39	 61.1556
7.4	 244.864
7.41	 122.553
7.42	 122.776
7.43	 307.498
7.44	 184.621
7.45	 370.162
7.46	 123.695
7.47	 185.913
7.48	 62.0228
7.49	 62.059
7.5	 186.364
7.51	 248.692
7.52	 249.026
7.53	 187.114
7.54	 124.889
7.55	 312.538
7.56	 313.01
7.57	 62.6868
7.58	 251.212
7.59	 188.728
7.6	 62.9414
7.61	 125.904
7.62	 63.032
7.63	 0
7.64	 126.439
7.65	 253.698
7.66	 0
7.67	 317.99
7.68	 191.187
7.69	 191.449
7.7	 127.709
7.71	 319.934
7.72	 128.338
7.73	 449.568
7.74	 192.64
7.75	 256.986
7.76	 321.564
7.77	 128.715
7.78	 0
7.79	 129.118
7.8	 258.504
7.81	 194.216
7.82	 323.976
7.83	 324.426
7.84	 194.691
7.85	 194.895
7.86	 130.089
7.87	 260.452
7.88	 326.136
7.89	 392.498
7.9	 327.37
7.91	 65.5546
7.92	 0
7.93	 131.807
7.94	 132.017
7.95	 66.0674
7.96	 198.255
7.97	 198.608
7.98	 264.928
7.99	 198.908
8	 199.175
8.01	 199.71
8.02	 333.448
8.03	 400.566
8.04	 267.332
8.05	 200.86
8.06	 268.346
8.07	 201.26
8.08	 268.88
8.09	 67.293
8.1	 336.952
8.11	 202.318
8.12	 202.722
8.13	 202.998
8.14	 407.108
8.15	 271.506
8.16	 272.3
8.17	 68.1498
8.18	 272.8
8.19	 341.876
8.2	 205.316
8.21	 274.21
8.22	 205.846
8.23	 206.074
8.24	 137.561
8.25	 206.646
8.26	 68.8568
8.27	 344.858
8.28	 137.943
8.29	 138.046
8.3	 138.251
8.31	 277.018
8.32	 277.328
8.33	 277.69
8.34	 69.4484
8.35	 208.482
8.36	 208.794
8.37	 278.6
8.38	 69.7416
8.39	 69.8986
8.4	 140.087
8.41	 210.23
8.42	 140.312
8.43	 0
8.44	 70.2886
8.45	 140.737
8.46	 140.843
8.47	 141.084
8.48	 353.08
8.49	 141.406
8.5	 212.31
8.51	 283.406
8.52	 142.054
8.53	 213.408
8.54	 0
8.55	 71.122
8.56	 71.2038
8.57	 71.2516
8.58	 71.3338
8.59	 142.942
8.6	 142.832
8.61	 214.494
8.62	 71.5256
8.63	 71.6912
8.64	 143.493
8.65	 0
8.66	 72.1084
8.67	 144.329
8.68	 144.385
8.69	 216.914
8.7	 144.609
8.71	 144.665
8.72	 72.4102
8.73	 72.509
8.74	 145.188
8.75	 72.7288
8.76	 218.442
8.77	 0
8.78	 73.1006
8.79	 219.216
8.8	 146.576
8.81	 0
8.82	 73.4108
8.83	 73.382
8.84	 0
8.85	 73.5852
8.86	 73.702
8.87	 73.775
8.88	 147.711
8.89	 73.9732
8.9	 74.0616
8.91	 74.1058
8.92	 74.1946
8.93	 74.2392
8.94	 0
8.95	 148.656
8.96	 74.3728
8.97	 148.865
8.98	 0
8.99	 74.5218
9	 298.506
9.01	 74.7764
9.02	 149.643
9.03	 0
9.04	 150.309
9.05	 226.104
9.06	 0
9.07	 0
9.08	 226.908
9.09	 151.426
9.1	 151.596
9.11	 0
9.12	 303.874
9.13	 152.123
9.14	 0
9.15	 0
9.16	 228.84
9.17	 0
9.18	 0
9.19	 0
9.2	 76.4918
9.21	 0
9.22	 0
9.23	 153.616
9.24	 0
9.25	 76.887
9.26	 76.9508
9.27	 154.029
9.28	 154.157
9.29	 0
9.3	 77.2866
9.31	 0
9.32	 155.332
9.33	 77.8286
9.34	 0
9.35	 156.082
9.36	 78.2462
9.37	 0
9.38	 156.658
9.39	 78.3948
9.4	 78.4526
9.41	 78.7434
9.42	 0
9.43	 0
9.44	 0
9.45	 237.336
9.46	 79.3144
9.47	 0
9.48	 79.552
9.49	 0
9.5	 159.104
9.51	 0
9.52	 0
9.53	 79.7226
9.54	 0
9.55	 0
9.56	 0
9.57	 79.98
9.58	 79.9454
9.59	 0
9.6	 80.1004
9.61	 0
9.62	 0
9.63	 0
9.64	 0
9.65	 0
9.66	 0
9.67	 80.9992
9.68	 162.352
9.69	 81.2468
9.7	 81.3534
9.71	 81.4606
9.72	 81.6034
9.73	 0
9.74	 81.747
9.75	 0
9.76	 163.692
9.77	 81.9182
9.78	 245.972
9.79	 82.0628
9.8	 0
9.81	 0
9.82	 82.299
9.83	 164.671
9.84	 0
9.85	 82.4084
9.86	 82.4632
9.87	 82.4998
9.88	 0
9.89	 0
9.9	 82.8122
9.91	 82.886
9.92	 83.0156
9.93	 83.1268
9.94	 0
9.95	 250.052
9.96	 0
9.97	 0
9.98	 0
9.993	 0
10	 0
