energies[eV] proba(E)
0.0 2.73550365624e-06 
0.00500250125063 2.05035634612e-05 
0.0100050025013 0.000115148988363 
0.0150075037519 0.000537162609296 
0.0200100050025 0.00219826345575 
0.0250125062531 0.0074681631746 
0.0300150075038 0.00742287134501 
0.0350175087544 0.0218866934356 
0.040020010005 0.0217538115731 
0.0450225112556 0.0542205573521 
0.0500250125063 0.0538909757431 
0.0550275137569 0.11709240887 
0.0600300150075 0.11637973543 
0.0650325162581 0.216346115519 
0.0700350175088 0.215027409862 
0.0750375187594 0.344535876815 
0.08004002001 0.342432178557 
0.0850425212606 0.468263859811 
0.0900450225113 0.465398595045 
0.0950475237619 0.462549905646 
0.100050025013 0.545730437962 
0.105052526263 0.542380989322 
0.110055027514 0.539051044937 
0.115057528764 0.565685582378 
0.120060030015 0.562200766553 
0.125062531266 0.562047616214 
0.130065032516 0.55857242921 
0.135067533767 0.555117801448 
0.140070035018 0.581654968741 
0.145072536268 0.578047704294 
0.150075037519 0.574461917456 
0.155077538769 0.648090180021 
0.16008004002 0.644064523617 
0.165082541271 0.640062917148 
0.170085042521 0.636085228979 
0.175087543772 0.719063799941 
0.180090045023 0.71458998553 
0.185092546273 0.710142991169 
0.190095047524 0.757248588285 
0.195097548774 0.752527011696 
0.200100050025 0.747833869193 
0.205102551276 0.75921147987 
0.210105052526 0.754465487631 
0.215107553777 0.749748230269 
0.220110055028 0.7450595456 
0.225112556278 0.761116291033 
0.230115057529 0.75634840922 
0.235117558779 0.751609521376 
0.24012006003 0.746899462235 
0.245122561281 0.779971025445 
0.250125062531 0.775078827619 
0.255127563782 0.770216459008 
0.260130065033 0.793465842437 
0.265132566283 0.788482733556 
0.270135067534 0.783530087978 
0.275137568784 0.77860772999 
0.280140070035 0.781196457516 
0.285142571286 0.776280855489 
0.290145072536 0.771395424948 
0.295147573787 0.766539990323 
0.300150075038 0.772571947713 
0.305152576288 0.767702287483 
0.310155077539 0.76286262238 
0.315157578789 0.758052776508 
0.32016008004 0.783089806035 
0.325162581291 0.778148488074 
0.330165082541 0.773237675137 
0.335167583792 0.768357187455 
0.340170085043 0.795055202454 
0.345172586293 0.790032750145 
0.350175087544 0.785041375555 
0.355177588794 0.78008089462 
0.360180090045 0.775151124256 
0.365182591296 0.792166946551 
0.370185092546 0.787154679027 
0.375187593797 0.782173528426 
0.380190095048 0.777223309148 
0.385192596298 0.798399561767 
0.390195097549 0.793341416352 
0.395197598799 0.788314754438 
0.40020010005 0.783319387196 
0.405202601301 0.77835512684 
0.410205102551 0.808375969357 
0.415207603802 0.803250097398 
0.420210105053 0.798156188284 
0.425212606303 0.793094049569 
0.430215107554 0.814801018114 
0.435217608804 0.809630259595 
0.440220110055 0.804491796827 
0.445222611306 0.799385434676 
0.450225112556 0.794310979105 
0.455227613807 0.794165907717 
0.460230115058 0.789119809712 
0.465232616308 0.784105308846 
0.470235117559 0.779122213187 
0.475237618809 0.774170331892 
0.48024012006 0.784590791421 
0.485242621311 0.779599665112 
0.490245122561 0.774639866318 
0.495247623812 0.769711203795 
0.500250125063 0.764813487396 
0.505252626313 0.788560720367 
0.510255127564 0.783540742477 
0.515257628814 0.778552319134 
0.520260130065 0.773595257117 
0.525262631316 0.768669364326 
0.530265132566 0.786484578978 
0.535267633817 0.78147516795 
0.540270135068 0.776497279018 
0.545272636318 0.771550718724 
0.550275137569 0.766635294733 
0.555277638819 0.78475711831 
0.56028014007 0.779755051217 
0.565282641321 0.774784506681 
0.570285142571 0.769845290643 
0.575287643822 0.76493721018 
0.580290145073 0.778241709328 
0.585292646323 0.773276792046 
0.590295147574 0.768343218959 
0.595297648824 0.763440796397 
0.600300150075 0.75856933183 
0.605302651326 0.761424317237 
0.610305152576 0.756563182706 
0.615307653827 0.751732781892 
0.620310155078 0.746932924325 
0.625312656328 0.742163420666 
0.630315157579 0.737424082701 
0.635317658829 0.742038536818 
0.64032016008 0.737298686645 
0.645322661331 0.732588835149 
0.650325162581 0.727908796007 
0.655327663832 0.72325838401 
0.660330165083 0.738935411969 
0.665332666333 0.73421335036 
0.670335167584 0.729521200889 
0.675337668834 0.724858777435 
0.680340170085 0.720225894995 
0.685342671336 0.715622369672 
0.690345172586 0.734725705224 
0.695347673837 0.730027572717 
0.700350175088 0.725359238679 
0.705352676338 0.720720517211 
0.710355177589 0.716111223537 
0.715357678839 0.711531173996 
0.72036018009 0.723177288862 
0.725362681341 0.718550035848 
0.730365182591 0.713952169544 
0.735367683842 0.709383506142 
0.740370185093 0.704843862943 
0.745372686343 0.708330482353 
0.750375187594 0.703796449036 
0.755377688844 0.699291233155 
0.760380190095 0.694814654169 
0.765382691346 0.690366532633 
0.770385192596 0.685946690198 
0.775387693847 0.686167419135 
0.780390195098 0.681773870312 
0.785392696348 0.677408263769 
0.790395197599 0.673070424219 
0.795397698849 0.668760177446 
0.8004002001 0.664477350293 
0.805402701351 0.664273217963 
0.810405202601 0.660018093014 
0.815407703852 0.655790052559 
0.820410205103 0.651588926404 
0.825412706353 0.647414545396 
0.830415207604 0.643266741418 
0.835417708854 0.645643336407 
0.840420210105 0.641505477251 
0.845422711356 0.637393982605 
0.850425212606 0.633308686462 
0.855427713857 0.629249423835 
0.860430215108 0.625216030752 
0.865432716358 0.631161921469 
0.870435217609 0.627115291412 
0.875437718859 0.623094464803 
0.88044022011 0.619099278908 
0.885442721361 0.615129571999 
0.890445222611 0.611185183344 
0.895447723862 0.607265953202 
0.900450225113 0.61061768596 
0.905452726363 0.606701660693 
0.910455227614 0.602810620338 
0.915457728864 0.598944407143 
0.920460230115 0.595102864328 
0.925462731366 0.591285836085 
0.930465232616 0.586159110547 
0.935467733867 0.582398985114 
0.940470235118 0.578662862209 
0.945472736368 0.574950590121 
0.950475237619 0.571262018083 
0.955477738869 0.56759699626 
0.96048024012 0.557563005933 
0.965482741371 0.553985170363 
0.970485242621 0.550430188381 
0.975487743872 0.546897915352 
0.980490245123 0.543388207541 
0.985492746373 0.539900922103 
0.990495247624 0.536435917084 
0.995497748874 0.530609493867 
1.00050025013 0.527203483757 
1.00550275138 0.523819244174 
1.01050525263 0.520456637153 
1.01550775388 0.517115525589 
1.02051025513 0.513795773229 
1.02551275638 0.515928305489 
1.03051525763 0.512615818371 
1.03551775888 0.509324513177 
1.04052026013 0.506054255554 
1.04552276138 0.502804911988 
1.05052526263 0.499576349799 
1.05552776388 0.496368437131 
1.06053026513 0.501515260709 
1.06553276638 0.498294682898 
1.07053526763 0.495094707359 
1.07553776888 0.49191520331 
1.08054027014 0.488756040791 
1.08554277139 0.485617090651 
1.09054527264 0.482498224547 
1.09554777389 0.482434263074 
1.10055027514 0.479335510568 
1.10555277639 0.476256590063 
1.11055527764 0.473197375553 
1.11555777889 0.470157741822 
1.12056028014 0.467137564436 
1.12556278139 0.464136719742 
1.13056528264 0.455742403715 
1.13556778389 0.452814319004 
1.14057028514 0.449904983978 
1.14557278639 0.447014279381 
1.15057528764 0.444142086704 
1.15557778889 0.441288288182 
1.16058029015 0.438452766789 
1.1655827914 0.426204599048 
1.17058529265 0.423465672436 
1.1755877939 0.420744292172 
1.18059029515 0.418040346551 
1.1855927964 0.415353724573 
1.19059529765 0.412684315932 
1.1955977989 0.410032011017 
1.20060030015 0.399775114011 
1.2056028014 0.397205654859 
1.21060530265 0.394652661235 
1.2156078039 0.392116028253 
1.22061030515 0.389595651687 
1.2256128064 0.387091427968 
1.23061530765 0.384603254178 
1.2356178089 0.377986320434 
1.24062031016 0.375556585562 
1.24562281141 0.373142424921 
1.25062531266 0.370743739252 
1.25562781391 0.368360429919 
1.26063031516 0.365992398908 
1.26563281641 0.363639548823 
1.27063531766 0.359947366831 
1.27563781891 0.357633189159 
1.28064032016 0.355333850124 
1.28564282141 0.353049255089 
1.29064532266 0.350779310012 
1.29564782391 0.348523921446 
1.30065032516 0.346282996535 
1.30565282641 0.345053034879 
1.31065532766 0.342834207156 
1.31565782891 0.340629611916 
1.32066033017 0.338439158317 
1.32566283142 0.336262756097 
1.33066533267 0.33410031556 
1.33566783392 0.33195174758 
1.34067033517 0.331979378075 
1.34567283642 0.329844308288 
1.35067533767 0.327722937709 
1.35567783892 0.32561517885 
1.36068034017 0.323520944779 
1.36568284142 0.321440149114 
1.37068534267 0.319372706019 
1.37568784392 0.3173185302 
1.38069034517 0.315728307316 
1.38569284642 0.313697502045 
1.39069534767 0.311679730217 
1.39569784892 0.309674908558 
1.40070035018 0.307682954319 
1.40570285143 0.305703785275 
1.41070535268 0.303737319723 
1.41570785393 0.298094160273 
1.42071035518 0.296176571754 
1.42571285643 0.294271292742 
1.43071535768 0.292378244552 
1.43571785893 0.290497348999 
1.44072036018 0.288628528391 
1.44572286143 0.286771705532 
1.45072536268 0.284926803713 
1.45572786393 0.275514352376 
1.46073036518 0.273741771683 
1.46573286643 0.271980572783 
1.47073536768 0.270230682882 
1.47573786893 0.268492029647 
1.48074037019 0.266764541204 
1.48574287144 0.265048146136 
1.49074537269 0.254673906801 
1.49574787394 0.253035211121 
1.50075037519 0.251407040072 
1.50575287644 0.24978932631 
1.51075537769 0.248182002917 
1.51575787894 0.246585003402 
1.52076038019 0.244998261694 
1.52576288144 0.243421712145 
1.53076538269 0.235154364293 
1.53576788394 0.233641118035 
1.54077038519 0.232137592609 
1.54577288644 0.230643725791 
1.55077538769 0.229159455748 
1.55577788894 0.227684721044 
1.5607803902 0.226219460632 
1.56578289145 0.224763613854 
1.5707853927 0.219350824795 
1.57578789395 0.217939175845 
1.5807903952 0.216536596373 
1.58579289645 0.215143028306 
1.5907953977 0.213758413939 
1.59579789895 0.212382695936 
1.6008004002 0.211015817326 
1.60580290145 0.209657721498 
1.6108054027 0.205843460714 
1.61580790395 0.204518632073 
1.6208104052 0.20320231649 
1.62581290645 0.201894459435 
1.6308154077 0.200595006728 
1.63581790895 0.199303904534 
1.64082041021 0.198021099359 
1.64582291146 0.19674653805 
1.65082541271 0.193372998657 
1.65582791396 0.192128300712 
1.66083041521 0.190891602594 
1.66583291646 0.18966285304 
1.67083541771 0.188442001116 
1.67583791896 0.18722899621 
1.68084042021 0.186023788034 
1.68584292146 0.18482632662 
1.69084542271 0.181736917414 
1.69584792396 0.18056699518 
1.70085042521 0.179404593759 
1.70585292646 0.178249664938 
1.71085542771 0.17710216081 
1.71585792896 0.175962033778 
1.72086043022 0.174829236544 
1.72586293147 0.173703722113 
1.73086543272 0.170858416423 
1.73586793397 0.169758431802 
1.74087043522 0.168665519585 
1.74587293647 0.167579634417 
1.75087543772 0.166500731236 
1.75587793897 0.165428765264 
1.76088044022 0.164363692011 
1.76588294147 0.16330546727 
1.77088544272 0.160383947788 
1.77588794397 0.159351331174 
1.78089044522 0.158325354671 
1.78589294647 0.157305975687 
1.79089544772 0.156293151903 
1.79589794897 0.155286841267 
1.80090045023 0.154287001998 
1.80590295148 0.153293592582 
1.81090545273 0.149575211294 
1.81590795398 0.148612129246 
1.82091045523 0.147655240899 
1.82591295648 0.146704506517 
1.83091545773 0.145759886616 
1.83591795898 0.144821341962 
1.84092046023 0.143888833575 
1.84592296148 0.142962322722 
1.85092546273 0.142041770919 
1.85592796398 0.137752813544 
1.86093046523 0.136865792161 
1.86593296648 0.13598447611 
1.87093546773 0.135108828774 
1.87593796898 0.134238813775 
1.88094047024 0.133374394963 
1.88594297149 0.132515536422 
1.89094547274 0.131662202463 
1.89594797399 0.127253757019 
1.90095047524 0.126434290618 
1.90595297649 0.125620095684 
1.91095547774 0.124811138381 
1.91595797899 0.124007385086 
1.92096048024 0.12320880239 
1.92596298149 0.122415357102 
1.93096548274 0.121627016238 
1.93596798399 0.120843747027 
1.94097048524 0.116398441211 
1.94597298649 0.115648833251 
1.95097548774 0.11490404796 
1.95597798899 0.114164054373 
1.96098049025 0.113428821724 
1.9659829915 0.112698319441 
1.97098549275 0.11197251715 
1.975987994 0.11125138467 
1.98099049525 0.108139724511 
1.9859929965 0.10744327079 
1.99099549775 0.106751298177 
1.995997999 0.106063777895 
2.00100050025 0.10538068135 
2.0060030015 0.104701980133 
2.01100550275 0.104027646014 
2.016008004 0.103357650946 
2.02101050525 0.10269196706 
2.0260130065 0.100278005982 
2.03101550775 0.0996321501649 
2.036018009 0.0989904503374 
2.04102051026 0.0983528798038 
2.04602301151 0.0977194120401 
2.05102551276 0.0970900206915 
2.05602801401 0.0964646795724 
2.06103051526 0.0958433626645 
2.06603301651 0.0952260441161 
2.07103551776 0.0929203804259 
2.07603801901 0.0923218786613 
2.08104052026 0.091727228604 
2.08604302151 0.0911364055076 
2.09104552276 0.0905493847846 
2.09604802401 0.0899661420044 
2.10105052526 0.0893866528932 
2.10605302651 0.0888108933326 
2.11105552776 0.0872809645326 
2.11605802901 0.0867187582385 
2.12106053027 0.0861601704299 
2.12606303152 0.0856051778543 
2.13106553277 0.0850537574081 
2.13606803402 0.084505886136 
2.14107053527 0.0839615412294 
2.14607303652 0.0834207000259 
2.15107553777 0.0828833400085 
2.15607803902 0.0819313311474 
2.16108054027 0.0814035575306 
2.16608304152 0.0808791811183 
2.17108554277 0.0803581800756 
2.17608804402 0.0798405327076 
2.18109054527 0.0793262174586 
2.18609304652 0.0788152129108 
2.19109554777 0.0783074977837 
2.19609804902 0.0778030509333 
2.20110055028 0.0765456406922 
2.20610305153 0.0760525385015 
2.21110555278 0.0755626106143 
2.21610805403 0.075075836625 
2.22111055528 0.0745921962586 
2.22611305653 0.0741116693703 
2.23111555778 0.0736342359443 
2.23611805903 0.0731598760931 
2.24112056028 0.0726885700569 
2.24612306153 0.0711300586614 
2.25112556278 0.0706718254658 
2.25612806403 0.0702165423366 
2.26113056528 0.0697641903067 
2.26613306653 0.0693147505306 
2.27113556778 0.0688682042835 
2.27613806903 0.068424532961 
2.28114057029 0.0679837180777 
2.28614307154 0.0675457412669 
2.29114557279 0.0660906425736 
2.29614807404 0.0656648584305 
2.30115057529 0.0652418156526 
2.30615307654 0.0648214966119 
2.31115557779 0.0644038837936 
2.31615807904 0.0639889597953 
2.32116058029 0.063576707326 
2.32616308154 0.0631671092057 
2.33116558279 0.0627601483648 
2.33616808404 0.062355807843 
2.34117058529 0.0608555362677 
2.34617308654 0.0604634633129 
2.35117558779 0.0600739148777 
2.35617808904 0.059686874726 
2.3611805903 0.059302326726 
2.36618309155 0.0589202548493 
2.3711855928 0.0585406431701 
2.37618809405 0.0581634758653 
2.3811905953 0.0577887372129 
2.38619309655 0.0560024671527 
2.3911955978 0.0556416491283 
2.39619809905 0.0552831545284 
2.4012006003 0.0549269684082 
2.40620310155 0.0545730759189 
2.4112056028 0.054221462307 
2.41620810405 0.0538721129137 
2.4212106053 0.0535250131741 
2.42621310655 0.0531801486171 
2.4312156078 0.0514166032886 
2.43621810905 0.0510853213854 
2.44122061031 0.050756172844 
2.44622311156 0.0504291439405 
2.45122561281 0.0501042210391 
2.45622811406 0.0497813905915 
2.46123061531 0.0494606391364 
2.46623311656 0.0491419532991 
2.47123561781 0.0488253197905 
2.47623811906 0.0475624410753 
2.48124062031 0.0472559824256 
2.48624312156 0.0469514974045 
2.49124562281 0.0466489733142 
2.49624812406 0.0463483975382 
2.50125062531 0.0460497575413 
2.50625312656 0.0457530408686 
2.51125562781 0.0454582351452 
2.51625812906 0.0451653280758 
2.52126063032 0.0448743074438 
2.52626313157 0.0441941185446 
2.53126563282 0.0439093533381 
2.53626813407 0.0436264221756 
2.54127063532 0.043345313256 
2.54627313657 0.0430660148534 
2.55127563782 0.0427885153176 
2.55627813907 0.0425128030732 
2.56128064032 0.042238866619 
2.56628314157 0.0419666945277 
2.57128564282 0.0415780315237 
2.57628814407 0.041310115637 
2.58129064532 0.0410439253713 
2.58629314657 0.0407794496218 
2.59129564782 0.0405166773548 
2.59629814907 0.0402555976074 
2.60130065033 0.0399961994875 
2.60630315158 0.0397384721726 
2.61130565283 0.0394824049098 
2.61630815408 0.0392279870156 
2.62131065533 0.0388679898772 
2.62631315658 0.0386175299376 
2.63131565783 0.0383686832733 
2.63631815908 0.0381214395011 
2.64132066033 0.0378757883047 
2.64632316158 0.037631719434 
2.65132566283 0.0373892227046 
2.65632816408 0.0371482879979 
2.66133066533 0.0369089052601 
2.66633316658 0.036671064502 
2.67133566783 0.0363118672322 
2.67633816908 0.0360778728852 
2.68134067034 0.0358453858278 
2.68634317159 0.0356143963581 
2.69134567284 0.0353848948364 
2.69634817409 0.0351568716852 
2.70135067534 0.0349303173883 
2.70635317659 0.034705222491 
2.71135567784 0.0344815775991 
2.71635817909 0.0342593733787 
2.72136068034 0.0339382011428 
2.72636318159 0.0337194974475 
2.73136568284 0.0335022026141 
2.73636818409 0.0332863075734 
2.74137068534 0.0330718033143 
2.74637318659 0.0328586808839 
2.75137568784 0.0326469313867 
2.75637818909 0.0324365459844 
2.76138069035 0.0322275158955 
2.7663831916 0.0318562638427 
2.77138569285 0.0316509717495 
2.7763881941 0.0314470021836 
2.78139069535 0.0312443466306 
2.7863931966 0.031042996631 
2.79139569785 0.0308429437798 
2.7963981991 0.0306441797257 
2.80140070035 0.0304466961714 
2.8064032016 0.0302504848728 
2.81140570285 0.0300555376388 
2.8164082041 0.0295325868316 
2.82141070535 0.0293422644521 
2.8264132066 0.0291531682242 
2.83141570785 0.0289652902533 
2.8364182091 0.0287786226954 
2.84142071036 0.0285931577574 
2.84642321161 0.0284088876957 
2.85142571286 0.028225804817 
2.85642821411 0.0280439014772 
2.86143071536 0.0278631700815 
2.86643321661 0.0272559243203 
2.87143571786 0.0270802700427 
2.87643821911 0.0269057474666 
2.88144072036 0.0267323493047 
2.88644322161 0.026560068317 
2.89144572286 0.0263888973096 
2.89644822411 0.0262188291352 
2.90145072536 0.0260498566923 
2.90645322661 0.0258819729252 
2.91145572786 0.0257151708234 
2.91645822911 0.0252056869975 
2.92146073037 0.0250432429769 
2.92646323162 0.0248818455825 
2.93146573287 0.0247214880744 
2.93646823412 0.0245621637563 
2.94147073537 0.0244038659748 
2.94647323662 0.0242465881193 
2.95147573787 0.0240903236219 
2.95647823912 0.0239350659567 
2.96148074037 0.0237808086401 
2.96648324162 0.0234649982898 
2.97148574287 0.0233137703926 
2.97648824412 0.0231635168837 
2.98149074537 0.0230142314884 
2.98649324662 0.0228659079719 
2.99149574787 0.0227185401398 
2.99649824912 0.0225721218376 
3.00150075038 0.0224266469501 
3.00650325163 0.0222821094016 
3.01150575288 0.0221385031557 
3.01650825413 0.0219473972447 
3.02151075538 0.0218059480069 
3.02651325663 0.0216654101778 
3.03151575788 0.0215257778877 
3.03651825913 0.0213870453047 
3.04152076038 0.0212492066344 
3.04652326163 0.0211122561196 
3.05152576288 0.0209761880402 
3.05652826413 0.0208409967129 
3.06153076538 0.0207066764911 
3.06653326663 0.0205732217644 
3.07153576788 0.0203624977663 
3.07653826913 0.0202312608532 
3.08154077039 0.0201008695757 
3.08654327164 0.0199713184874 
3.09154577289 0.0198426021768 
3.09654827414 0.0197147152672 
3.10155077539 0.0195876524168 
3.10655327664 0.0194614083178 
3.11155577789 0.0193359776968 
3.11655827914 0.0192113553143 
3.12156078039 0.0189062901531 
3.12656328164 0.0187844366166 
3.13156578289 0.0186633682779 
3.13656828414 0.0185430800795 
3.14157078539 0.0184235669964 
3.14657328664 0.0183048240359 
3.15157578789 0.0181868462376 
3.15657828914 0.0180696286728 
3.1615807904 0.0179531664447 
3.16658329165 0.0178374546879 
3.1715857929 0.0174946026319 
3.17658829415 0.0173818459929 
3.1815907954 0.017269815954 
3.18659329665 0.0171585078348 
3.1915957979 0.0170479169851 
3.19659829915 0.0169380387847 
3.2016008004 0.0168288686428 
3.20660330165 0.0167204019986 
3.2116058029 0.0166126343203 
3.21660830415 0.0165055611055 
3.2216108054 0.0163991778806 
3.22661330665 0.0161251246888 
3.2316158079 0.0160211932722 
3.23661830915 0.0159179316039 
3.24162081041 0.0158153353695 
3.24662331166 0.0157134002824 
3.25162581291 0.0156121220835 
3.25662831416 0.0155114965413 
3.26163081541 0.0154115194514 
3.26663331666 0.0153121866365 
3.27163581791 0.0152134939462 
3.27663831916 0.0150490977876 
3.28164082041 0.0149521006771 
3.28664332166 0.0148557286423 
3.29164582291 0.0147599776565 
3.29664832416 0.0146648437188 
3.30165082541 0.0145703228542 
3.30665332666 0.0144764111131 
3.31165582791 0.0143831045714 
3.31665832916 0.0142903993303 
3.32166083042 0.0141982915161 
3.32666333167 0.01410677728 
3.33166583292 0.0140158989748 
3.33666833417 0.0139255601901 
3.34167083542 0.0138358035864 
3.34667333667 0.013746625413 
3.35167583792 0.0136580219434 
3.35667833917 0.0135699894752 
3.36168084042 0.0134825243297 
3.36668334167 0.013395622852 
3.37168584292 0.0133092814107 
3.37668834417 0.0132234963976 
3.38169084542 0.0131334229599 
3.38669334667 0.0130487712401 
3.39169584792 0.0129646650629 
3.39669834917 0.0128811009135 
3.40170085043 0.0127980752999 
3.40670335168 0.0127155847524 
3.41170585293 0.0126336258237 
3.41670835418 0.0125521950888 
3.42171085543 0.0124712891446 
3.42671335668 0.0123909046101 
3.43171585793 0.0123110381259 
3.43671835918 0.0121834344255 
3.44172086043 0.0121049049909 
3.44672336168 0.0120268816548 
3.45172586293 0.0119493611564 
3.45672836418 0.0118723402561 
3.46173086543 0.0117958157348 
3.46673336668 0.0117197843946 
3.47173586793 0.0116442430577 
3.47673836918 0.011569188567 
3.48174087044 0.0114946177859 
3.48674337169 0.0114205275977 
3.49174587294 0.0112715580087 
3.49674837419 0.0111989054176 
3.50175087544 0.0111267210601 
3.50675337669 0.0110550019192 
3.51175587794 0.0109837449974 
3.51675837919 0.0109129473165 
3.52176088044 0.0108426059176 
3.52676338169 0.0107727178607 
3.53176588294 0.0107032802248 
3.53676838419 0.0106342901076 
3.54177088544 0.0105657446258 
3.54677338669 0.0104455389349 
3.55177588794 0.0103782099945 
3.55677838919 0.010311314985 
3.56178089045 0.0102448511106 
3.5667833917 0.0101788155932 
3.57178589295 0.0101132056728 
3.5767883942 0.010048018607 
3.58179089545 0.00998325167116 
3.5867933967 0.0099189021582 
3.59179589795 0.00985496737843 
3.5967983992 0.00979144465951 
3.60180090045 0.00972762587838 
3.6068034017 0.0096649239187 
3.61180590295 0.00960262607559 
3.6168084042 0.00954072974509 
3.62181090545 0.00947923234001 
3.6268134067 0.00941813128981 
3.63181590795 0.00935742404052 
3.6368184092 0.00929710805462 
3.64182091046 0.00923718081093 
3.64682341171 0.00917763980451 
3.65182591296 0.00911848254655 
3.65682841421 0.0090950187335 
3.66183091546 0.00903639397559 
3.66683341671 0.0089781470621 
3.67183591796 0.00892027555828 
3.67683841921 0.00886277704506 
3.68184092046 0.00880564911895 
3.68684342171 0.00874888939195 
3.69184592296 0.00869249549145 
3.69684842421 0.00863646506009 
3.70185092546 0.00858079575573 
3.70685342671 0.00852548525129 
3.71185592796 0.00850967605288 
3.71685842921 0.00845482389805 
3.72186093047 0.00840032527789 
3.72686343172 0.00834617791424 
3.73186593297 0.00829237954361 
3.73686843422 0.00823892791708 
3.74187093547 0.00818582080022 
3.74687343672 0.00813305597301 
3.75187593797 0.0080806312297 
3.75687843922 0.00802854437877 
3.76188094047 0.00797679324282 
3.76688344172 0.00794312346445 
3.77188594297 0.0078919228613 
3.77688844422 0.00784105226244 
3.78189094547 0.00779050954126 
3.78689344672 0.00774029258487 
3.79189594797 0.00769039929398 
3.79689844922 0.00764082758281 
3.80190095048 0.00759157537905 
3.80690345173 0.0075426406237 
3.81190595298 0.00749402127106 
3.81690845423 0.00744571528859 
3.82191095548 0.00738814421126 
3.82691345673 0.00734052063983 
3.83191595798 0.00729320402155 
3.83691845923 0.00724619237834 
3.84192096048 0.00719948374482 
3.84692346173 0.00715307616829 
3.85192596298 0.00710696770864 
3.85692846423 0.00706115643823 
3.86193096548 0.00701564044187 
3.86693346673 0.00697041781668 
3.87193596798 0.00692548667207 
3.87693846923 0.00686024446899 
3.88194097049 0.00681602346196 
3.88694347174 0.00677208748038 
3.89194597299 0.00672843468742 
3.89694847424 0.00668506325806 
3.90195097549 0.00664197137907 
3.90695347674 0.00659915724889 
3.91195597799 0.00655661907754 
3.91695847924 0.0065143550866 
3.92196098049 0.00647236350912 
3.92696348174 0.00643064258949 
3.93196598299 0.00637700815997 
3.93696848424 0.00633590188578 
3.94197098549 0.00629506056365 
3.94697348674 0.0062544824861 
3.95197598799 0.00621416595661 
3.95697848924 0.0061741092896 
3.9619809905 0.00613431081036 
3.96698349175 0.00609476885496 
3.971985993 0.00605548177019 
3.97698849425 0.00601644791349 
3.9819909955 0.0059776656529 
3.98699349675 0.00593913336694 
3.991995998 0.00590146276269 
3.99699849925 0.00586342166904 
4.0020010005 0.00582562577317 
4.00700350175 0.00578807349487 
4.012006003 0.00575076326408 
4.01700850425 0.00571369352086 
4.0220110055 0.00567686271534 
4.02701350675 0.00564026930761 
4.032016008 0.0056039117677 
4.03701850925 0.00556778857549 
4.04202101051 0.00553189822065 
4.04702351176 0.00549765853868 
4.05202601301 0.0054622202243 
4.05702851426 0.0054270103333 
4.06203101551 0.00539202739353 
4.06703351676 0.00535726994232 
4.07203601801 0.00532273652643 
4.07703851926 0.00528842570197 
4.08204102051 0.00525433603437 
4.08704352176 0.00522046609831 
4.09204602301 0.00518681447763 
4.09704852426 0.00515337976531 
4.10205102551 0.00512016056339 
4.10705352676 0.00508302469847 
4.11205602801 0.00505025898617 
4.11705852926 0.00501770447259 
4.12206103052 0.00498535979657 
4.12706353177 0.00495322360571 
4.13206603302 0.00492129455633 
4.13706853427 0.00488957131339 
4.14207103552 0.00485805255049 
4.14707353677 0.00482673694974 
4.15207603802 0.00479562320175 
4.15707853927 0.00476471000559 
4.16208104052 0.00471190064707 
4.16708354177 0.00468152711454 
4.17208604302 0.00465134936302 
4.17708854427 0.00462136613068 
4.18209104552 0.00459157616382 
4.18709354677 0.00456197821684 
4.19209604802 0.00453257105215 
4.19709854927 0.00450335344013 
4.20210105053 0.0044743241591 
4.20710355178 0.00444548199524 
4.21210605303 0.00441682574256 
4.21710855428 0.00438835420283 
4.22211105553 0.00432720045688 
4.22711355678 0.00429930664354 
4.23211605803 0.00427159262887 
4.23711855928 0.00424405725406 
4.24212106053 0.00421669936774 
4.24712356178 0.00418951782595 
4.25212606303 0.00416251149214 
4.25712856428 0.00413567923703 
4.26213106553 0.00410901993867 
4.26713356678 0.00408253248231 
4.27213606803 0.00405621576038 
4.27713856928 0.00403006867247 
4.28214107054 0.00397285344309 
4.28714357179 0.00394724372395 
4.29214607304 0.00392179908168 
4.29714857429 0.00389651845231 
4.30215107554 0.00387140077874 
4.30715357679 0.00384644501068 
4.31215607804 0.0038216501046 
4.31715857929 0.0037970150237 
4.32216108054 0.00377253873786 
4.32716358179 0.00374822022359 
4.33216608304 0.00372405846402 
4.33716858429 0.00366280511021 
4.34217108554 0.0036391939592 
4.34717358679 0.00361573500329 
4.35217608804 0.00359242726156 
4.35717858929 0.00356926975936 
4.36218109055 0.00354626152837 
4.3671835918 0.00352340160647 
4.37218609305 0.00350068903777 
4.3771885943 0.00347812287252 
4.38219109555 0.0034557021671 
4.3871935968 0.00343342598396 
4.39219609805 0.00341129339161 
4.3971985993 0.00336237717092 
4.40220110055 0.00334070257694 
4.4072036018 0.00331916769597 
4.41220610305 0.00329777162754 
4.4172086043 0.00327651347692 
4.42221110555 0.00325539235519 
4.4272136068 0.00323440737914 
4.43221610805 0.00321355767125 
4.4372186093 0.00319284235966 
4.44222111056 0.00317226057814 
4.44722361181 0.00315181146602 
4.45222611306 0.0031314941682 
4.45722861431 0.00308881066329 
4.46223111556 0.00306889947971 
4.46723361681 0.00304911664307 
4.47223611806 0.0030294613261 
4.47723861931 0.00300993270688 
4.48224112056 0.00299052996879 
4.48724362181 0.00297125230046 
4.49224612306 0.00295209889576 
4.49724862431 0.00293306895375 
4.50225112556 0.00291416167865 
4.50725362681 0.0028953762798 
4.51225612806 0.00287671197166 
4.51725862931 0.00282701052154 
4.52226113057 0.00280878690931 
4.52726363182 0.00279068076664 
4.53226613307 0.00277269133639 
4.53726863432 0.00275481786628 
4.54227113557 0.00273705960889 
4.54727363682 0.0027194158216 
4.55227613807 0.00270188576659 
4.55727863932 0.0026844687108 
4.56228114057 0.00266716392588 
4.56728364182 0.00264997068817 
4.57228614307 0.0026328882787 
4.57728864432 0.00258374549064 
4.58229114557 0.00256708998026 
4.58729364682 0.00255054183204 
4.59229614807 0.00253410035395 
4.59729864932 0.00251776485844 
4.60230115058 0.00250153466239 
4.60730365183 0.00248540908708 
4.61230615308 0.00246938745816 
4.61730865433 0.00245346910563 
4.62231115558 0.00243765336381 
4.62731365683 0.00242193957132 
4.63231615808 0.00240632707101 
4.63731865933 0.00235871158804 
4.64232116058 0.00234350667091 
4.64732366183 0.00232839976579 
4.65232616308 0.00231339024094 
4.65732866433 0.00229847746866 
4.66233116558 0.00228366082532 
4.66733366683 0.00226893969132 
4.67233616808 0.00225431345102 
4.67733866933 0.00223978149277 
4.68234117059 0.00222534320886 
4.68734367184 0.00221099799548 
4.69234617309 0.00219674525275 
4.69734867434 0.00214408304037 
4.70235117559 0.00213026165385 
4.70735367684 0.00211652936133 
4.71235617809 0.00210288558853 
4.71735867934 0.00208932976489 
4.72236118059 0.0020758613235 
4.72736368184 0.00206247970112 
4.73236618309 0.00204918433814 
4.73736868434 0.00203597467856 
4.74237118559 0.00202285016996 
4.74737368684 0.00200981026347 
4.75237618809 0.00199685441377 
4.75737868934 0.00198398207905 
4.7623811906 0.00193211067687 
4.76738369185 0.00191965570543 
4.7723861931 0.00190728102022 
4.77738869435 0.00189498610371 
4.7823911956 0.00188277044176 
4.78739369685 0.00187063352349 
4.7923961981 0.00185857484135 
4.79739869935 0.00184659389105 
4.8024012006 0.00183469017154 
4.80740370185 0.001822863185 
4.8124062031 0.00181111243685 
4.81740870435 0.00179943743565 
4.8224112056 0.00175437741885 
4.82741370685 0.00174306815452 
4.8324162081 0.00173183179124 
4.83741870935 0.00172066785911 
4.84242121061 0.00170957589125 
4.84742371186 0.0016985554238 
4.85242621311 0.00168760599588 
4.85742871436 0.00167672714958 
4.86243121561 0.00166591842995 
4.86743371686 0.00165517938496 
4.87243621811 0.00164450956551 
4.87743871936 0.00163390852538 
4.88244122061 0.00159025599793 
4.88744372186 0.00158000469706 
4.89244622311 0.00156981947766 
4.89744872436 0.00155969991377 
4.90245122561 0.00154964558219 
4.90745372686 0.00153965606245 
4.91245622811 0.00152973093678 
4.91745872936 0.00151986979009 
4.92246123062 0.00151007221001 
4.92746373187 0.00150033778678 
4.93246623312 0.0014906661133 
4.93746873437 0.0014810567851 
4.94247123562 0.00147150940032 
4.94747373687 0.00142403671732 
4.95247623812 0.00141485690396 
4.95747873937 0.00140573626529 
4.96248124062 0.00139667441988 
4.96748374187 0.00138767098874 
4.97248624312 0.00137872559536 
4.97748874437 0.00136983786563 
4.98249124562 0.00136100742785 
4.98749374687 0.00135223391272 
4.99249624812 0.00134351695334 
4.99749874937 0.00133485618514 
5.00250125063 0.00132625124593 
5.00750375188 0.00127791520368 
5.01250625313 0.00126967732518 
5.01750875438 0.00126149254965 
5.02251125563 0.0012533605348 
5.02751375688 0.00124528094054 
5.03251625813 0.00123725342897 
5.03751875938 0.00122927766437 
5.04252126063 0.00122135331319 
5.04752376188 0.00121348004401 
5.05252626313 0.00120565752756 
5.05752876438 0.00119788543671 
5.06253126563 0.0011901634464 
5.06753376688 0.00118249123369 
5.07253626813 0.00113747661975 
5.07753876938 0.0011301440446 
5.08254127064 0.0011228587368 
5.08754377189 0.00111562039169 
5.09254627314 0.00110842870655 
5.09754877439 0.0011012833806 
5.10255127564 0.00109418411501 
5.10755377689 0.00108713061289 
5.11255627814 0.00108012257925 
5.11755877939 0.00107315972098 
5.12256128064 0.00106624174691 
5.12756378189 0.00105936836769 
5.13256628314 0.00101569987264 
5.13756878439 0.00100915230542 
5.14257128564 0.00100264694534 
5.14757378689 0.000996183520325 
5.15257628814 0.00098976176007 
5.15757878939 0.000983381396002 
5.16258129065 0.000977042161281 
5.1675837919 0.000970743790788 
5.17258629315 0.000964486021113 
5.1775887944 0.000958268590543 
5.18259129565 0.000952091239052 
5.1875937969 0.00094595370829 
5.19259629815 0.000939855741574 
5.1975987994 0.000895753557099 
5.20260130065 0.000889979200948 
5.2076038019 0.000884242067712 
5.21260630315 0.000878541917454 
5.2176088044 0.00087287851178 
5.22261130565 0.000867251613835 
5.2276138069 0.00086166098829 
5.23261630815 0.000856106401332 
5.2376188094 0.000850587620655 
5.24262131066 0.000845104415452 
5.24762381191 0.000839656556402 
5.25262631316 0.000834243815664 
5.25762881441 0.000828865966863 
5.26263131566 0.000787010903453 
5.26763381691 0.000781937538005 
5.27263631816 0.000776896876771 
5.27763881941 0.000771888708939 
5.28264132066 0.000766912825055 
5.28764382191 0.000761969017017 
5.29264632316 0.000757057078061 
5.29764882441 0.00075217680276 
5.30265132566 0.000747327987008 
5.30765382691 0.000742510428015 
5.31265632816 0.000737723924298 
5.31765882941 0.000732968275675 
5.32266133067 0.00072824328325 
5.32766383192 0.000691446264657 
5.33266633317 0.000686988941062 
5.33766883442 0.000682560350561 
5.34267133567 0.000678160307939 
5.34767383692 0.000673788629175 
5.35267633817 0.000669445131436 
5.35767883942 0.000665129633063 
5.36268134067 0.000660841953572 
5.36768384192 0.000656581913641 
5.37268634317 0.000652349335103 
5.37768884442 0.00064814404094 
5.38269134567 0.000643965855276 
5.38769384692 0.000639814603367 
5.39269634817 0.000606951305749 
5.39769884942 0.000603038665534 
5.40270135068 0.000599151247278 
5.40770385193 0.000595288888399 
5.41270635318 0.000591451427362 
5.41770885443 0.000587638703674 
5.42271135568 0.000583850557876 
5.42771385693 0.000580086831537 
5.43271635818 0.000576347367248 
5.43771885943 0.000572632008613 
5.44272136068 0.000568940600245 
5.44772386193 0.00056527298776 
5.45272636318 0.000561629017765 
5.45772886443 0.000530471848923 
5.46273136568 0.000527052221675 
5.46773386693 0.000523654638324 
5.47273636818 0.000520278956775 
5.47773886943 0.000516925035846 
5.48274137069 0.000513592735266 
5.48774387194 0.000510281915669 
5.49274637319 0.000506992438585 
5.49774887444 0.00050372416644 
5.50275137569 0.000500476962543 
5.50775387694 0.000497250691087 
5.51275637819 0.00049404521714 
5.51775887944 0.000490860406637 
5.52276138069 0.000461479573581 
5.52776388194 0.000458504694686 
5.53276638319 0.000455548992747 
5.53776888444 0.000452612344147 
5.54277138569 0.000449694626067 
5.54777388694 0.000446795716478 
5.55277638819 0.000443915494138 
5.55777888944 0.000441053838587 
5.5627813907 0.000438210630142 
5.56778389195 0.00043538574989 
5.5727863932 0.000432579079685 
5.57778889445 0.000429790502143 
5.5827913957 0.000427019900637 
5.58779389695 0.000400509474165 
5.5927963982 0.000397927630325 
5.59779889945 0.000395362429849 
5.6028014007 0.00039281376545 
5.60780390195 0.000390281530536 
5.6128064032 0.000387765619199 
5.61780890445 0.000385265926215 
5.6228114057 0.000382782347039 
5.62781390695 0.000380314777799 
5.6328164082 0.000377863115292 
5.63781890945 0.000375427256982 
5.64282141071 0.000373007100991 
5.64782391196 0.000370602546102 
5.65282641321 0.000346878330309 
5.65782891446 0.000344642212501 
5.66283141571 0.000342420509422 
5.66783391696 0.000340213128152 
5.67283641821 0.00033801997637 
5.67783891946 0.000335840962351 
5.68284142071 0.000333675994961 
5.68784392196 0.000331524983652 
5.69284642321 0.000329387838462 
5.69784892446 0.000327264470007 
5.70285142571 0.000325154789481 
5.70785392696 0.000323058708648 
5.71285642821 0.000320976139843 
5.71785892946 0.000299108447317 
5.72286143072 0.000297180272208 
5.72786393197 0.000295264526748 
5.73286643322 0.000293361130811 
5.73786893447 0.000291470004791 
5.74287143572 0.000289591069595 
5.74787393697 0.000287724246637 
5.75287643822 0.00028586945784 
5.75787893947 0.000284026625631 
5.76288144072 0.000282195672934 
5.76788394197 0.000280376523172 
5.77288644322 0.000278569100262 
5.77788894447 0.00027677332861 
5.78289144572 0.000256499986313 
5.78789394697 0.000254846481856 
5.79289644822 0.000253203636442 
5.79789894947 0.000251571381359 
5.80290145073 0.000249949648341 
5.80790395198 0.000248338369561 
5.81290645323 0.000246737477628 
5.81790895448 0.000245146905588 
5.82291145573 0.000243566586915 
5.82791395698 0.000241996455515 
5.83291645823 0.000240436445719 
5.83791895948 0.000238886492282 
5.84292146073 0.000237346530376 
5.84792396198 0.000235816495596 
5.85292646323 0.000217809718665 
5.85792896448 0.000216405626872 
5.86293146573 0.000215010586333 
5.86793396698 0.000213624538702 
5.87293646823 0.000212247426009 
5.87793896948 0.000210879190657 
5.88294147074 0.000209519775422 
5.88794397199 0.000208169123447 
5.89294647324 0.000206827178242 
5.89794897449 0.000205493883681 
5.90295147574 0.000204169184002 
5.90795397699 0.000202853023799 
5.91295647824 0.000201545348026 
5.91795897949 0.000186095199704 
5.92296148074 0.000184895552364 
5.92796398199 0.000183703638365 
5.93296648324 0.000182519407858 
5.93796898449 0.000181342811312 
5.94297148574 0.000180173799517 
5.94797398699 0.000179012323582 
5.95297648824 0.000177858334927 
5.95797898949 0.000176711785289 
5.96298149075 0.000175572626713 
5.967983992 0.000174440811556 
5.97298649325 0.00017331629248 
5.9779889945 0.000172199022453 
5.98299149575 0.000159091488359 
5.987993997 0.000158065917776 
5.99299649825 0.000157046958381 
5.9979989995 0.000156034567558 
6.00300150075 0.000155028702963 
6.008004002 0.000154029322527 
6.01300650325 0.000153036384452 
6.0180090045 0.00015204984721 
6.02301150575 0.000151069669538 
6.028014007 0.000150095810442 
6.03301650825 0.000149128229191 
6.0380190095 0.000148166885316 
6.04302151076 0.00014721173861 
6.04802401201 0.000146262749124 
6.05302651326 0.00013496973776 
6.05802901451 0.00013409966566 
6.06303151576 0.000133235202357 
6.06803401701 0.000132376311695 
6.07303651826 0.000131522957751 
6.07803901951 0.000130675104835 
6.08304152076 0.000129832717485 
6.08804402201 0.000128995760468 
6.09304652326 0.000128164198781 
6.09804902451 0.000127337997643 
6.10305152576 0.000126517122499 
6.10805402701 0.000125701539016 
6.11305652826 0.000124891213083 
6.11805902951 0.000124086110809 
6.12306153077 0.000114105170038 
6.12806403202 0.00011336959938 
6.13306653327 0.000112638770479 
6.13806903452 0.000111912652768 
6.14307153577 0.000111191215879 
6.14807403702 0.000110474429636 
6.15307653827 0.000109762264062 
6.15807903952 0.00010905468937 
6.16308154077 0.000108351675967 
6.16808404202 0.000107653194448 
6.17308654327 0.0001069592156 
6.17808904452 0.000106269710398 
6.18309154577 0.000105584650004 
6.18809404702 9.67448844933e-05 
6.19309654827 9.61212253466e-05 
6.19809904952 9.55015865383e-05 
6.20310155078 9.48859421523e-05 
6.20810405203 9.42742664396e-05 
6.21310655328 9.36665338172e-05 
6.21810905453 9.30627188667e-05 
6.22311155578 9.24627963339e-05 
6.22811405703 9.18667411272e-05 
6.23311655828 9.12745283169e-05 
6.23811905953 9.06861331338e-05 
6.24312156078 9.01015309685e-05 
6.24812406203 8.95206973702e-05 
6.25312656328 8.89436080457e-05 
6.25812906453 8.14192427713e-05 
6.26313156578 8.0894379032e-05 
6.26813406703 8.03728987627e-05 
6.27313656828 7.98547801529e-05 
6.27813906953 7.93400015321e-05 
6.28314157079 7.88285413701e-05 
6.28814407204 7.83203782751e-05 
6.29314657329 7.78154909933e-05 
6.29814907454 7.7313858408e-05 
6.30315157579 7.68154595384e-05 
6.30815407704 7.63202735391e-05 
6.31315657829 7.58282796991e-05 
6.31815907954 7.53394574408e-05 
6.32316158079 7.48537863194e-05 
6.32816408204 6.86101579365e-05 
6.33316658329 6.81678669083e-05 
6.33816908454 6.77284270579e-05 
6.34317158579 6.72918200058e-05 
6.34817408704 6.6858027491e-05 
6.35317658829 6.64270313701e-05 
6.35817908954 6.59988136169e-05 
6.3631815908 6.55733563212e-05 
6.36818409205 6.51506416883e-05 
6.3731865933 6.47306520382e-05 
6.37818909455 6.43133698048e-05 
6.3831915958 6.38987775355e-05 
6.38819409705 6.34868578898e-05 
6.3931965983 6.30775936393e-05 
6.39819909955 5.78516609866e-05 
6.4032016008 5.74787237818e-05 
6.40820410205 5.71081906752e-05 
6.4132066033 5.67400461694e-05 
6.41820910455 5.63742748667e-05 
6.4232116058 5.60108614688e-05 
6.42821410705 5.56497907759e-05 
6.4332166083 5.52910476863e-05 
6.43821910955 5.49346171955e-05 
6.44322161081 5.45804843959e-05 
6.44822411206 5.42286344759e-05 
6.45322661331 5.38790527192e-05 
6.45822911456 5.35317245048e-05 
6.46323161581 5.31866353055e-05 
6.46823411706 4.87356339676e-05 
6.47323661831 4.84214625758e-05 
6.47823911956 4.81093164562e-05 
6.48324162081 4.77991825534e-05 
6.48824412206 4.74910478959e-05 
6.49324662331 4.71848995961e-05 
6.49824912456 4.68807248494e-05 
6.50325162581 4.65785109335e-05 
6.50825412706 4.62782452084e-05 
6.51325662831 4.59799151154e-05 
6.51825912956 4.56835081769e-05 
6.52326163082 4.53890119957e-05 
6.52826413207 4.50964142543e-05 
6.53326663332 4.48057027149e-05 
6.53826913457 4.09715983193e-05 
6.54327163582 4.07074772567e-05 
6.54827413707 4.04450588232e-05 
6.55327663832 4.0184332043e-05 
6.55827913957 3.99252860113e-05 
6.56328164082 3.96679098935e-05 
6.56828414207 3.94121929247e-05 
6.57328664332 3.91581244097e-05 
6.57828914457 3.89056937218e-05 
6.58329164582 3.86548903033e-05 
6.58829414707 3.84057036642e-05 
6.59329664832 3.81581233823e-05 
6.59829914957 3.79121391024e-05 
6.60330165083 3.76677405362e-05 
6.60830415208 3.43484060524e-05 
6.61330665333 3.41269809678e-05 
6.61830915458 3.39069832777e-05 
6.62331165583 3.36884037807e-05 
6.62831415708 3.34712333347e-05 
6.63331665833 3.32554628565e-05 
6.63831915958 3.30410833214e-05 
6.64332166083 3.28280857631e-05 
6.64832416208 3.26164612728e-05 
6.65332666333 3.24062009993e-05 
6.65832916458 3.21972961485e-05 
6.66333166583 3.19897379828e-05 
6.66833416708 3.17835178211e-05 
6.67333666833 3.15786270382e-05 
6.67833916958 2.86399449486e-05 
6.68334167084 2.84553190967e-05 
6.68834417209 2.82718834172e-05 
6.69334667334 2.80896302381e-05 
6.69834917459 2.79085519365e-05 
6.70335167584 2.77286409388e-05 
6.70835417709 2.75498897202e-05 
6.71335667834 2.73722908043e-05 
6.71835917959 2.71958367632e-05 
6.72336168084 2.70205202164e-05 
6.72836418209 2.68463338314e-05 
6.73336668334 2.66732703229e-05 
6.73836918459 2.65013224522e-05 
6.74337168584 2.63304830278e-05 
6.74837418709 2.36617962043e-05 
6.75337668834 2.3509261679e-05 
6.75837918959 2.33577104531e-05 
6.76338169085 2.32071361881e-05 
6.7683841921 2.30575325859e-05 
6.77338669335 2.29088933896e-05 
6.7783891946 2.27612123821e-05 
6.78339169585 2.26144833867e-05 
6.7883941971 2.24687002664e-05 
6.79339669835 2.23238569237e-05 
6.7983991996 2.21799473006e-05 
6.80340170085 2.20369653781e-05 
6.8084042021 2.18949051757e-05 
6.81340670335 2.17537607519e-05 
6.8184092046 2.16135262031e-05 
6.82341170585 1.91848798876e-05 
6.8284142071 1.90612055286e-05 
6.83341670835 1.89383284252e-05 
6.8384192096 1.88162434379e-05 
6.84342171086 1.86949454607e-05 
6.84842421211 1.85744294201e-05 
6.85342671336 1.84546902756e-05 
6.85842921461 1.83357230189e-05 
6.86343171586 1.82175226743e-05 
6.86843421711 1.8100084298e-05 
6.87343671836 1.7983402978e-05 
6.87843921961 1.78674738342e-05 
6.88344172086 1.77522920177e-05 
6.88844422211 1.7637852711e-05 
6.89344672336 1.54144123766e-05 
6.89844922461 1.53150441172e-05 
6.90345172586 1.52163164268e-05 
6.90845422711 1.51182251759e-05 
6.91345672836 1.50207662619e-05 
6.91845922961 1.49239356085e-05 
6.92346173087 1.48277291657e-05 
6.92846423212 1.47321429096e-05 
6.93346673337 1.46371728424e-05 
6.93846923462 1.45428149918e-05 
6.94347173587 1.44490654112e-05 
6.94847423712 1.43559201797e-05 
6.95347673837 1.42633754012e-05 
6.95847923962 1.41714272052e-05 
6.96348174087 1.21639939258e-05 
6.96848424212 1.20855793079e-05 
6.97348674337 1.20076701834e-05 
6.97848924462 1.19302632936e-05 
6.98349174587 1.1853355401e-05 
6.98849424712 1.17769432888e-05 
6.99349674837 1.17010237612e-05 
6.99849924962 1.16255936427e-05 
7.00350175088 1.15506497784e-05 
7.00850425213 1.14761890337e-05 
7.01350675338 1.14022082944e-05 
7.01850925463 1.13287044661e-05 
7.02351175588 1.12556744744e-05 
7.02851425713 1.11831152649e-05 
7.03351675838 1.11110238028e-05 
7.03851925963 9.33130811371e-06 
7.04352176088 9.27115425245e-06 
7.04852426213 9.21138816834e-06 
7.05352676338 9.15200736163e-06 
7.05852926463 9.09300934868e-06 
7.06353176588 9.03439166186e-06 
7.06853426713 8.97615184946e-06 
7.07353676838 8.91828747557e-06 
7.07853926963 8.86079611997e-06 
7.08354177089 8.80367537806e-06 
7.08854427214 8.74692286072e-06 
7.09354677339 8.69053619424e-06 
7.09854927464 8.63451302023e-06 
7.10355177589 8.57885099547e-06 
7.10855427714 7.00911037591e-06 
7.11355677839 6.96392644528e-06 
7.11855927964 6.9190337895e-06 
7.12356178089 6.87443053088e-06 
7.12856428214 6.83011480388e-06 
7.13356678339 6.78608475495e-06 
7.13856928464 6.74233854252e-06 
7.14357178589 6.69887433688e-06 
7.14857428714 6.65569032009e-06 
7.15357678839 6.61278468597e-06 
7.15857928964 6.57015563995e-06 
7.1635817909 6.52780139905e-06 
7.16858429215 6.48572019177e-06 
7.1735867934 6.44391025803e-06 
7.17858929465 6.40236984911e-06 
7.1835917959 5.06488231177e-06 
7.18859429715 5.03223175358e-06 
7.1935967984 4.99979167492e-06 
7.19859929965 4.96756071894e-06 
7.2036018009 4.93553753758e-06 
7.20860430215 4.90372079144e-06 
7.2136068034 4.87210914976e-06 
7.21860930465 4.84070129036e-06 
7.2236118059 4.80949589959e-06 
7.22861430715 4.77849167225e-06 
7.2336168084 4.74768731158e-06 
7.23861930965 4.71708152914e-06 
7.24362181091 4.68667304485e-06 
7.24862431216 4.65646058683e-06 
7.25362681341 3.53969921702e-06 
7.25862931466 3.51688068282e-06 
7.26363181591 3.49420924678e-06 
7.26863431716 3.47168396066e-06 
7.27363681841 3.44930388231e-06 
7.27863931966 3.42706807567e-06 
7.28364182091 3.40497561071e-06 
7.28864432216 3.38302556339e-06 
7.29364682341 3.36121701564e-06 
7.29864932466 3.33954905529e-06 
7.30365182591 3.31802077607e-06 
7.30865432716 3.29663127754e-06 
7.31365682841 3.27537966506e-06 
7.31865932966 3.25426504977e-06 
7.32366183092 3.23328654853e-06 
7.32866433217 2.32256503248e-06 
7.33366683342 2.30759270176e-06 
7.33866933467 2.29271688924e-06 
7.34367183592 2.27793697271e-06 
7.34867433717 2.26325233401e-06 
7.35367683842 2.24866235894e-06 
7.35867933967 2.23416643725e-06 
7.36368184092 2.21976396264e-06 
7.36868434217 2.20545433271e-06 
7.37368684342 2.19123694895e-06 
7.37868934467 2.17711121671e-06 
7.38369184592 2.16307654517e-06 
7.38869434717 2.14913234731e-06 
7.39369684842 2.1352780399e-06 
7.39869934967 2.12151304347e-06 
7.40370185093 1.41434282097e-06 
7.40870435218 1.40522530864e-06 
7.41370685343 1.39616657183e-06 
7.41870935468 1.38716623164e-06 
7.42371185593 1.37822391162e-06 
7.42871435718 1.36933923777e-06 
7.43371685843 1.36051183845e-06 
7.43871935968 1.35174134446e-06 
7.44372186093 1.34302738897e-06 
7.44872436218 1.33436960751e-06 
7.45372686343 1.32576763795e-06 
7.45872936468 1.31722112052e-06 
7.46373186593 1.30872969773e-06 
7.46873436718 1.30029301444e-06 
7.47373686843 1.29191071776e-06 
7.47873936968 8.01522874025e-07 
7.48374187094 7.96355882869e-07 
7.48874437219 7.91222200439e-07 
7.49374687344 7.86121612017e-07 
7.49874937469 7.81053904263e-07 
7.50375187594 7.76018865217e-07 
7.50875437719 7.71016284282e-07 
7.51375687844 7.6604595222e-07 
7.51875937969 7.61107661143e-07 
7.52376188094 7.562012045e-07 
7.52876438219 7.51326377074e-07 
7.53376688344 7.46482974971e-07 
7.53876938469 7.41670795609e-07 
7.54377188594 7.36889637715e-07 
7.54877438719 4.39689971118e-07 
7.55377688844 4.36855523294e-07 
7.55877938969 4.34039347592e-07 
7.56378189095 4.31241326224e-07 
7.5687843922 4.2846134216e-07 
7.57378689345 4.25699279123e-07 
7.5787893947 4.22955021587e-07 
7.58379189595 4.20228454771e-07 
7.5887943972 4.17519464633e-07 
7.59379689845 4.14827937866e-07 
7.5987993997 4.12153761895e-07 
7.60380190095 4.09496824868e-07 
7.6088044022 4.06857015658e-07 
7.61380690345 4.04234223849e-07 
7.6188094047 4.01628339743e-07 
7.62381190595 2.33043141837e-07 
7.6288144072 2.31540836034e-07 
7.63381690845 2.30048214774e-07 
7.6388194097 2.28565215625e-07 
7.64382191096 2.2709177656e-07 
7.64882441221 2.25627835951e-07 
7.65382691346 2.24173332566e-07 
7.65882941471 2.2272820557e-07 
7.66383191596 2.21292394518e-07 
7.66883441721 2.19865839356e-07 
7.67383691846 2.18448480416e-07 
7.67883941971 2.17040258415e-07 
7.68384192096 2.15641114454e-07 
7.68884442221 2.14250990011e-07 
7.69384692346 2.12869826943e-07 
7.69884942471 1.07281830754e-07 
7.70385192596 1.06590241423e-07 
7.70885442721 1.05903110391e-07 
7.71385692846 1.05220408918e-07 
7.71885942971 1.0454210845e-07 
7.72386193097 1.03868180616e-07 
7.72886443222 1.03198597228e-07 
7.73386693347 1.02533330279e-07 
7.73886943472 1.01872351945e-07 
7.74387193597 1.01215634579e-07 
7.74887443722 1.00563150713e-07 
7.75387693847 9.99148730565e-08 
7.75887943972 9.92707744937e-08 
7.76388194097 9.86308280848e-08 
7.76888444222 9.79950070632e-08 
7.77388694347 3.91441001658e-08 
7.77888944472 3.88917587465e-08 
7.78389194597 3.86410440357e-08 
7.78889444722 3.83919455468e-08 
7.79389694847 3.81444528611e-08 
7.79889944972 3.78985556269e-08 
7.80390195098 3.76542435592e-08 
7.80890445223 3.74115064393e-08 
7.81390695348 3.71703341144e-08 
7.81890945473 3.69307164972e-08 
7.82391195598 3.66926435654e-08 
7.82891445723 3.64561053613e-08 
7.83391695848 3.62210919913e-08 
7.83891945973 3.59875936257e-08 
7.84392196098 3.57556004982e-08 
7.84892446223 3.55251029053e-08 
7.85392696348 1.93360250414e-08 
7.85892946473 1.92113757494e-08 
7.86393196598 1.90875300053e-08 
7.86893446723 1.8964482629e-08 
7.87393696848 1.88422284741e-08 
7.87893946973 1.87207624268e-08 
7.88394197099 1.86000794069e-08 
7.88894447224 1.84801743665e-08 
7.89394697349 1.83610422905e-08 
7.89894947474 1.82426781958e-08 
7.90395197599 1.81250771319e-08 
7.90895447724 1.80082341798e-08 
7.91395697849 1.78921444525e-08 
7.91895947974 1.77768030942e-08 
7.92396198099 1.76622052807e-08 
7.92896448224 1.93010253357e-08 
7.93396698349 1.91766016014e-08 
7.93896948474 1.90529799619e-08 
7.94397198599 1.89301552464e-08 
7.94897448724 1.88081223177e-08 
7.95397698849 1.86868760714e-08 
7.95897948974 1.85664114362e-08 
7.963981991 1.84467233736e-08 
7.96898449225 1.83278068774e-08 
7.9739869935 1.82096569737e-08 
7.97898949475 1.80922687207e-08 
7.983991996 1.79756372085e-08 
7.98899449725 1.78597575586e-08 
7.9939969985 1.77446249244e-08 
7.99899949975 1.76302344901e-08 
8.004002001 2.13707008449e-08 
8.00900450225 2.1232934986e-08 
8.0140070035 2.10960572314e-08 
8.01900950475 2.09600618561e-08 
8.024012006 2.08249431718e-08 
8.02901450725 2.06906955269e-08 
8.0340170085 2.05573133064e-08 
8.03901950975 2.04247909313e-08 
8.04402201101 2.02931228586e-08 
8.04902451226 2.01623035811e-08 
8.05402701351 2.00323276272e-08 
8.05902951476 1.99031895603e-08 
8.06403201601 1.97748839789e-08 
8.06903451726 1.96474055167e-08 
8.07403701851 1.95207488414e-08 
8.07903951976 2.71362427994e-08 
8.08404202101 2.69613094804e-08 
8.08904452226 2.67875038648e-08 
8.09404702351 2.66148186829e-08 
8.09904952476 2.64432467119e-08 
8.10405202601 2.62727807756e-08 
8.10905452726 2.61034137439e-08 
8.11405702851 2.59351385327e-08 
8.11905952976 2.57679481037e-08 
8.12406203102 2.5601835464e-08 
8.12906453227 2.54367936654e-08 
8.13406703352 2.5272815805e-08 
8.13906953477 2.5109895024e-08 
8.14407203602 2.49480245081e-08 
8.14907453727 2.47871974868e-08 
8.15407703852 2.46274072331e-08 
8.15907953977 3.50872144821e-08 
8.16408204102 3.4861025356e-08 
8.16908454227 3.46362943527e-08 
8.17408704352 3.44130120726e-08 
8.17908954477 3.41911691764e-08 
8.18409204602 3.39707563852e-08 
8.18909454727 3.375176448e-08 
8.19409704852 3.35341843009e-08 
8.19909954977 3.33180067475e-08 
8.20410205103 3.31032227776e-08 
8.20910455228 3.28898234076e-08 
8.21410705353 3.26777997118e-08 
8.21910955478 3.24671428219e-08 
8.22411205603 3.22578439268e-08 
8.22911455728 3.20498942723e-08 
8.23411705853 3.87837635524e-08 
8.23911955978 3.85337446803e-08 
8.24412206103 3.82853375489e-08 
8.24912456228 3.80385317684e-08 
8.25412706353 3.77933170155e-08 
8.25912956478 3.75496830339e-08 
8.26413206603 3.73076196331e-08 
8.26913456728 3.70671166885e-08 
8.27413706853 3.68281641405e-08 
8.27913956978 3.65907519948e-08 
8.28414207104 3.6354870321e-08 
8.28914457229 3.61205092531e-08 
8.29414707354 3.58876589884e-08 
8.29914957479 3.56563097878e-08 
8.30415207604 3.54264519746e-08 
8.30915457729 3.51980759347e-08 
8.31415707854 3.84905700934e-08 
8.31915957979 3.82424412805e-08 
8.32416208104 3.79959120243e-08 
8.32916458229 3.77509720134e-08 
8.33416708354 3.75076110026e-08 
8.33916958479 3.7265818813e-08 
8.34417208604 3.70255853312e-08 
8.34917458729 3.67869005092e-08 
8.35417708854 3.65497543635e-08 
8.35917958979 3.63141369751e-08 
8.36418209105 3.60800384889e-08 
8.3691845923 3.58474491133e-08 
8.37418709355 3.561635912e-08 
8.3791895948 3.53867588433e-08 
8.38419209605 3.51586386796e-08 
8.3891945973 3.74918056603e-08 
8.39419709855 3.72501153542e-08 
8.3991995998 3.70099830993e-08 
8.40420210105 3.67713988515e-08 
8.4092046023 3.65343526318e-08 
8.41420710355 3.62988345253e-08 
8.4192096048 3.60648346811e-08 
8.42421210605 3.58323433117e-08 
8.4292146073 3.56013506928e-08 
8.43421710855 3.53718471627e-08 
8.4392196098 3.51438231222e-08 
8.44422211106 3.49172690336e-08 
8.44922461231 3.46921754211e-08 
8.45422711356 3.44685328697e-08 
8.45922961481 3.42463320252e-08 
8.46423211606 3.40255635936e-08 
8.46923461731 3.43020191244e-08 
8.47423711856 3.40808917034e-08 
8.47923961981 3.38611897756e-08 
8.48424212106 3.36429041517e-08 
8.48924462231 3.34260257014e-08 
8.49424712356 3.32105453535e-08 
8.49924962481 3.29964540952e-08 
8.50425212606 3.27837429717e-08 
8.50925462731 3.2572403086e-08 
8.51425712856 3.23624255985e-08 
8.51925962981 3.21538017266e-08 
8.52426213107 3.19465227441e-08 
8.52926463232 3.17405799813e-08 
8.53426713357 3.15359648244e-08 
8.53926963482 3.13326687149e-08 
8.54427213607 3.11306831496e-08 
8.54927463732 3.05454651278e-08 
8.55427713857 3.0348554247e-08 
8.55927963982 3.01529127483e-08 
8.56428214107 2.99585324488e-08 
8.56928464232 2.97654052181e-08 
8.57428714357 2.95735229783e-08 
8.57928964482 2.93828777037e-08 
8.58429214607 2.91934614201e-08 
8.58929464732 2.9005266205e-08 
8.59429714857 2.88182841868e-08 
8.59929964982 2.86325075446e-08 
8.60430215108 2.84479285079e-08 
8.60930465233 2.82645393566e-08 
8.61430715358 2.80823324199e-08 
8.61930965483 2.79013000767e-08 
8.62431215608 2.61428985413e-08 
8.62931465733 2.59743687241e-08 
8.63431715858 2.58069253312e-08 
8.63931965983 2.56405613592e-08 
8.64432216108 2.54752698494e-08 
8.64932466233 2.53110438884e-08 
8.65432716358 2.5147876607e-08 
8.65932966483 2.49857611806e-08 
8.66433216608 2.48246908283e-08 
8.66933466733 2.46646588131e-08 
8.67433716858 2.45056584415e-08 
8.67933966983 2.43476830629e-08 
8.68434217109 2.41907260698e-08 
8.68934467234 2.40347808971e-08 
8.69434717359 2.38798410222e-08 
8.69934967484 2.37258999645e-08 
8.70435217609 1.90633514347e-08 
8.70935467734 1.89404598105e-08 
8.71435717859 1.88183604049e-08 
8.71935967984 1.8697048111e-08 
8.72436218109 1.85765178546e-08 
8.72936468234 1.84567645944e-08 
8.73436718359 1.83377833215e-08 
8.73936968484 1.82195690593e-08 
8.74437218609 1.81021168632e-08 
8.74937468734 1.79854218206e-08 
8.75437718859 1.78694790506e-08 
8.75937968984 1.77542837037e-08 
8.7643821911 1.76398309615e-08 
8.76938469235 1.7526116037e-08 
8.7743871936 1.74131341737e-08 
8.77938969485 1.73008806461e-08 
8.7843921961 1.42834863755e-08 
8.78939469735 1.41914080792e-08 
8.7943971986 1.40999233641e-08 
8.79939969985 1.40090284037e-08 
8.8044022011 1.3918719396e-08 
8.80940470235 1.38289925638e-08 
8.8144072036 1.37398441541e-08 
8.81940970485 1.36512704381e-08 
8.8244122061 1.35632677111e-08 
8.82941470735 1.34758322922e-08 
8.8344172086 1.33889605242e-08 
8.83941970985 1.33026487736e-08 
8.84442221111 1.32168934302e-08 
8.84942471236 1.31316909072e-08 
8.85442721361 1.30470376409e-08 
8.85942971486 1.29629300904e-08 
8.86443221611 1.17480067855e-08 
8.86943471736 1.16722734161e-08 
8.87443721861 1.15970282607e-08 
8.87943971986 1.15222681719e-08 
8.88444222111 1.14479900228e-08 
8.88944472236 1.13741907067e-08 
8.89444722361 1.13008671366e-08 
8.89944972486 1.12280162458e-08 
8.90445222611 1.11556349871e-08 
8.90945472736 1.10837203331e-08 
8.91445722861 1.10122692757e-08 
8.91945972986 1.09412788265e-08 
8.92446223112 1.08707460161e-08 
8.92946473237 1.08006678943e-08 
8.93446723362 1.073104153e-08 
8.93946973487 1.0661864011e-08 
8.94447223612 8.38060138733e-09 
8.94947473737 8.32657594669e-09 
8.95447723862 8.27289878025e-09 
8.95947973987 8.21956764287e-09 
8.96448224112 8.16658030389e-09 
8.96948474237 8.11393454701e-09 
8.97448724362 8.06162817023e-09 
8.97948974487 8.00965898574e-09 
8.98449224612 7.95802481984e-09 
8.98949474737 7.90672351283e-09 
8.99449724862 7.85575291896e-09 
8.99949974987 7.80511090628e-09 
9.00450225113 7.75479535659e-09 
9.00950475238 7.70480416537e-09 
9.01450725363 7.65513524164e-09 
9.01950975488 7.60578650791e-09 
9.02451225613 6.27385804488e-09 
9.02951475738 6.23341369563e-09 
9.03451725863 6.19323007032e-09 
9.03951975988 6.15330548819e-09 
9.04452226113 6.11363827933e-09 
9.04952476238 6.07422678458e-09 
9.05452726363 6.0350693555e-09 
9.05952976488 5.99616435423e-09 
9.06453226613 5.95751015353e-09 
9.06953476738 5.9191051366e-09 
9.07453726863 5.88094769708e-09 
9.07953976988 5.84303623898e-09 
9.08454227114 5.80536917658e-09 
9.08954477239 5.76794493437e-09 
9.09454727364 5.73076194704e-09 
9.09954977489 5.69381865933e-09 
9.10455227614 5.65711352602e-09 
9.10955477739 5.41968750297e-09 
9.11455727864 5.38474955207e-09 
9.11955977989 5.3500368282e-09 
9.12456228114 5.31554787945e-09 
9.12956478239 5.28128126324e-09 
9.13456728364 5.24723554633e-09 
9.13956978489 5.21340930468e-09 
9.14457228614 5.17980112346e-09 
9.14957478739 5.14640959693e-09 
9.15457728864 5.11323332843e-09 
9.15957978989 5.08027093032e-09 
9.16458229115 5.04752102387e-09 
9.1695847924 5.01498223927e-09 
9.17458729365 4.98265321552e-09 
9.1795897949 4.95053260039e-09 
9.18459229615 4.91861905039e-09 
9.1895947974 4.41916765557e-09 
9.19459729865 4.39067954281e-09 
9.1995997999 4.3623750783e-09 
9.20460230115 4.33425307816e-09 
9.2096048024 4.30631236614e-09 
9.21460730365 4.27855177356e-09 
9.2196098049 4.25097013929e-09 
9.22461230615 4.22356630968e-09 
9.2296148074 4.19633913851e-09 
9.23461730865 4.16928748695e-09 
9.2396198099 4.14241022352e-09 
9.24462231116 4.11570622402e-09 
9.24962481241 4.08917437153e-09 
9.25462731366 4.06281355629e-09 
9.25962981491 4.03662267571e-09 
9.26463231616 4.01060063431e-09 
9.26963481741 3.41072816628e-09 
9.27463731866 3.38874094656e-09 
9.27963981991 3.36689546717e-09 
9.28464232116 3.34519081439e-09 
9.28964482241 3.32362608038e-09 
9.29464732366 3.30220036317e-09 
9.29964982491 3.28091276657e-09 
9.30465232616 3.25976240019e-09 
9.30965482741 3.23874837939e-09 
9.31465732866 3.21786982522e-09 
9.31965982991 3.19712586438e-09 
9.32466233117 3.17651562923e-09 
9.32966483242 3.1560382577e-09 
9.33466733367 3.1356928933e-09 
9.33966983492 3.11547868503e-09 
9.34467233617 3.09539478741e-09 
9.34967483742 3.07544036039e-09 
9.35467733867 3.2769015269e-09 
9.35967983992 3.25577701856e-09 
9.36468234117 3.2347886891e-09 
9.36968484242 3.21393566065e-09 
9.37468734367 3.19321706099e-09 
9.37968984492 3.17263202354e-09 
9.38469234617 3.15217968727e-09 
9.38969484742 3.13185919675e-09 
9.39469734867 3.11166970201e-09 
9.39969984992 3.09161035861e-09 
9.40470235118 3.07168032753e-09 
9.40970485243 3.05187877515e-09 
9.41470735368 3.03220487323e-09 
9.41970985493 3.01265779888e-09 
9.42471235618 2.99323673452e-09 
9.42971485743 2.97394086781e-09 
9.43471735868 4.20357800731e-09 
9.43971985993 4.17647968893e-09 
9.44472236118 4.14955605953e-09 
9.44972486243 4.12280599299e-09 
9.45472736368 4.09622837044e-09 
9.45972986493 4.06982208022e-09 
9.46473236618 4.04358601783e-09 
9.46973486743 4.01751908591e-09 
9.47473736868 3.99162019415e-09 
9.47973986993 3.96588825929e-09 
9.48474237119 3.94032220505e-09 
9.48974487244 3.91492096207e-09 
9.49474737369 3.8896834679e-09 
9.49974987494 3.86460866694e-09 
9.50475237619 3.83969551039e-09 
9.50975487744 3.81494295621e-09 
9.51475737869 3.79034996908e-09 
9.51975987994 4.02213750269e-09 
9.52476238119 3.99620883842e-09 
9.52976488244 3.97044732297e-09 
9.53476738369 3.94485187883e-09 
9.53976988494 3.91942143541e-09 
9.54477238619 3.89415492904e-09 
9.54977488744 3.86905130291e-09 
9.55477738869 3.84410950701e-09 
9.55977988994 3.8193284981e-09 
9.5647823912 3.79470723967e-09 
9.56978489245 3.77024470189e-09 
9.5747873937 3.74593986158e-09 
9.57978989495 3.72179170213e-09 
9.5847923962 3.6977992135e-09 
9.58979489745 3.67396139217e-09 
9.5947973987 3.65027724107e-09 
9.59979989995 2.43815632515e-09 
9.6048024012 2.42243877769e-09 
9.60980490245 2.4068225532e-09 
9.6148074037 2.39130699853e-09 
9.61980990495 2.37589146469e-09 
9.6248124062 2.36057530691e-09 
9.62981490745 2.34535788456e-09 
9.6348174087 2.33023856115e-09 
9.63981990995 2.31521670428e-09 
9.64482241121 2.30029168563e-09 
9.64982491246 2.28546288093e-09 
9.65482741371 2.27072966995e-09 
9.65982991496 2.25609143645e-09 
9.66483241621 2.24154756814e-09 
9.66983491746 2.22709745671e-09 
9.67483741871 2.21274049776e-09 
9.67983991996 2.19847609077e-09 
9.68484242121 2.66232770647e-09 
9.68984492246 2.64516504059e-09 
9.69484742371 2.62811301364e-09 
9.69984992496 2.61117091237e-09 
9.70485242621 2.59433802817e-09 
9.70985492746 2.57761365696e-09 
9.71485742871 2.5609970992e-09 
9.71985992996 2.5444876599e-09 
9.72486243122 2.5280846485e-09 
9.72986493247 2.51178737893e-09 
9.73486743372 2.49559516951e-09 
9.73986993497 2.47950734298e-09 
9.74487243622 2.46352322643e-09 
9.74987493747 2.44764215131e-09 
9.75487743872 2.43186345335e-09 
9.75987993997 2.41618647259e-09 
9.76488244122 2.4006105533e-09 
9.76988494247 3.74871918053e-09 
9.77488744372 3.72455310375e-09 
9.77988994497 3.70054281331e-09 
9.78489244622 3.67668730493e-09 
9.78989494747 3.65298558081e-09 
9.79489744872 3.62943664958e-09 
9.79989994997 3.60603952626e-09 
9.80490245123 3.58279323223e-09 
9.80990495248 3.55969679517e-09 
9.81490745373 3.53674924902e-09 
9.81990995498 3.51394963397e-09 
9.82491245623 3.49129699637e-09 
9.82991495748 3.46879038874e-09 
9.83491745873 3.4464288697e-09 
9.83991995998 3.42421150394e-09 
9.84492246123 3.40213736217e-09 
9.84992496248 3.3802055211e-09 
9.85492746373 3.20822230141e-09 
9.85992996498 3.18754053161e-09 
9.86493246623 3.1669920866e-09 
9.86993496748 3.1465761069e-09 
9.87493746873 3.12629173859e-09 
9.87993996998 3.10613813322e-09 
9.88494247124 3.08611444784e-09 
9.88994497249 3.06621984492e-09 
9.89494747374 3.04645349233e-09 
9.89994997499 3.02681456331e-09 
9.90495247624 3.00730223642e-09 
9.90995497749 2.98791569553e-09 
9.91495747874 2.96865412975e-09 
9.91995997999 2.94951673343e-09 
9.92496248124 2.93050270613e-09 
9.92996498249 2.91161125253e-09 
9.93496748374 2.89284158248e-09 
9.93996998499 2.87419291089e-09 
9.94497248624 2.85566445775e-09 
9.94997498749 2.83725544807e-09 
9.95497748874 2.81896511187e-09 
9.95997998999 2.80079268411e-09 
9.96498249125 2.7827374047e-09 
9.9699849925 2.76479851844e-09 
9.97498749375 2.74697527502e-09 
9.979989995 2.72926692893e-09 
9.98499249625 2.71167273949e-09 
9.9899949975 2.6941919708e-09 
9.99499749875 2.67682389168e-09 
10.0 2.65956777569e-09 
