energy(eV) events_nbr
0.005 6.58179383133e-06
0.015 7.94092590453e-06
0.025 9.13042093119e-06
0.035 1.00346524085e-05
0.045 1.05835934486e-05
0.055 1.07668713663e-05
0.065 1.06302001211e-05
0.075 1.02565934498e-05
0.085 9.74097383932e-06
0.095 9.16852753547e-06
0.105 8.60366196139e-06
0.115 8.09001758886e-06
0.125 7.65654988291e-06
0.135 7.32317080939e-06
0.145 7.10207086914e-06
0.155 6.9953139551e-06
0.165 6.99251188249e-06
0.175 7.07254193561e-06
0.185 7.21079339751e-06
0.195 7.39029198234e-06
0.205 7.61323128076e-06
0.215 7.90973363936e-06
0.225 8.34259512378e-06
0.235 9.00932830094e-06
0.245 1.00451161916e-05
0.255 1.163156809e-05
0.265 1.40154129123e-05
0.275 1.75373699543e-05
0.285 2.26643345845e-05
0.295 3.00100817193e-05
0.305 4.03257763788e-05
0.315 5.44466452111e-05
0.325 7.31963905438e-05
0.335 9.72711521859e-05
0.345 0.000127139897804
0.355 0.000162998256543
0.365 0.000204794551994
0.375 0.000252315549547
0.385 0.000305287177605
0.395 0.000363426223748
0.405 0.000426385514571
0.415 0.000493576713708
0.425 0.000563932787104
0.435 0.000635770726057
0.445 0.000706996238883
0.455 0.000775905010602
0.465 0.000842745272113
0.475 0.000912029811163
0.485 0.000995400999108
0.495 0.00111477348413
0.505 0.0013055938075
0.515 0.00162036193696
0.525 0.00213292079137
0.535 0.0029441597972
0.545 0.00418933702982
0.555 0.00604594331012
0.565 0.00873911567097
0.575 0.0125401313441
0.585 0.0177544467696
0.595 0.0247010445844
0.605 0.033694488854
0.615 0.0450509829458
0.625 0.0591415763562
0.635 0.0765006077062
0.645 0.0979632859919
0.655 0.12476454836
0.665 0.158508173118
0.675 0.200941230112
0.685 0.253559400356
0.695 0.317202315253
0.705 0.391910582424
0.715 0.477319196962
0.725 0.573688147142
0.735 0.683328255308
0.745 0.811785977813
0.755 0.967913696574
0.765 1.16208905005
0.775 1.40245656375
0.785 1.69001488809
0.795 2.01428053755
0.805 2.35161847039
0.815 2.66776761665
0.825 2.92462995315
0.835 3.08956159512
0.845 3.14405394281
0.855 3.0885740887
0.865 2.94165477324
0.875 2.73356473875
0.885 2.49702744017
0.895 2.25849560221
0.905 2.03299112056
0.915 1.82380721979
0.925 1.6263145303
0.935 1.43365279145
0.945 1.241768786
0.955 1.05202842077
0.965 0.870962670009
0.975 0.707929725201
0.985 0.572097727875
0.995 0.470046790793
1.005 0.404672155994
1.015 0.375332605453
1.025 0.378684632453
1.035 0.40954574885
1.045 0.461392051632
1.055 0.526510752641
1.065 0.596151598915
1.075 0.661081258252
1.085 0.712719727877
1.095 0.744657772189
1.105 0.754033841347
1.115 0.74217586851
1.125 0.714148225776
1.135 0.677283107716
1.145 0.639202152132
1.155 0.606033543641
1.165 0.581404257241
1.175 0.566406334556
1.185 0.560297786233
1.195 0.561421642457
1.205 0.567836802987
1.215 0.577423701674
1.225 0.587595392952
1.235 0.595005540251
1.245 0.595659584927
1.255 0.585602953105
1.265 0.562014890259
1.275 0.524271685702
1.285 0.474502957083
1.295 0.417366971407
1.305 0.35910343295
1.315 0.306212355834
1.325 0.264220146628
1.335 0.236896325511
1.345 0.226048457719
1.355 0.231773399983
1.365 0.252890395619
1.375 0.287277944227
1.385 0.331965667577
1.395 0.383026349235
1.405 0.435479504615
1.415 0.483473032994
1.425 0.520914848999
1.435 0.542512827109
1.445 0.544946746693
1.455 0.527763221094
1.465 0.493636322622
1.475 0.447862814876
1.485 0.397257260663
1.495 0.348834183893
1.505 0.308705570642
1.515 0.281469923489
1.525 0.270107934441
1.535 0.276163225638
1.545 0.299890774845
1.555 0.340145802576
1.565 0.394016065871
1.575 0.456452149811
1.585 0.520283954955
1.595 0.576934556266
1.605 0.617864861666
1.615 0.636426297582
1.625 0.629545564911
1.635 0.598659034328
1.645 0.549573864082
1.655 0.491334248351
1.665 0.434513561531
1.675 0.389473460068
1.685 0.364994558563
1.695 0.367396472953
1.705 0.400006890412
1.715 0.462757601803
1.725 0.551816172117
1.735 0.659412077522
1.745 0.774213670792
1.755 0.882599067787
1.765 0.970888290657
1.775 1.02816545524
1.785 1.04893408505
1.795 1.03473764405
1.805 0.99413965489
1.815 0.940998376242
1.825 0.891543516959
1.835 0.861105583309
1.845 0.861333196812
1.855 0.898425987956
1.865 0.972511789138
1.875 1.07800862797
1.885 1.20472042541
1.895 1.33946470088
1.905 1.46809130797
1.915 1.57772211723
1.925 1.65891725719
1.935 1.70734104706
1.945 1.7244783743
1.955 1.71711274237
1.965 1.6955986264
1.975 1.67132954444
1.985 1.65406717135
1.995 1.6498407818
2.005 1.65993009682
2.015 1.68109101056
2.025 1.70681409953
2.035 1.72915160608
2.045 1.74057698074
2.055 1.73543992551
2.065 1.71077933516
2.075 1.66646859779
2.085 1.60482329678
2.095 1.52987158946
2.105 1.44648458839
2.115 1.35952394966
2.125 1.27312127685
2.135 1.19017350119
2.145 1.11211280447
2.155 1.03897361455
2.165 0.969726944794
2.175 0.902795207975
2.185 0.836620230797
2.195 0.770150895529
2.205 0.703146901789
2.215 0.636248578396
2.225 0.57082026066
2.235 0.508621672021
2.245 0.451392390908
2.255 0.400449237221
2.265 0.356394920397
2.275 0.319014284204
2.285 0.28738821301
2.295 0.26019041311
2.305 0.236068933235
2.315 0.213980983972
2.325 0.193367599507
2.335 0.174122122365
2.345 0.15639465049
2.355 0.14034098784
2.365 0.125936545743
2.375 0.112929302446
2.385 0.100928890105
2.395 0.0895634765135
2.405 0.07861462973
2.415 0.0680676353185
2.425 0.0580685124336
2.435 0.0488261941686
2.445 0.0405156197658
2.455 0.0332226039269
2.465 0.0269401292922
2.475 0.0215989263594
2.485 0.017105542313
2.495 0.0133681391039
2.505 0.0103045705318
2.515 0.00783863713914
2.525 0.00589388635541
2.535 0.00439123029147
2.545 0.00325145204073
2.555 0.00240015997627
2.565 0.00177214836771
2.575 0.00131347417837
2.585 0.000981244379616
2.595 0.00074207047296
2.605 0.000570223219361
2.615 0.000446093642929
2.625 0.000355086087898
2.635 0.000286786355742
2.645 0.000234196498362
2.655 0.000192922417403
2.665 0.000160332000157
2.675 0.000134789571791
2.685 0.000115083074751
2.695 0.000100104629739
2.705 8.87629937243e-05
2.715 8.00423273628e-05
2.725 7.31022595268e-05
2.735 6.73392335525e-05
2.745 6.23777003433e-05
2.755 5.80054067671e-05
2.765 5.40913700805e-05
2.775 5.05238519837e-05
2.785 4.71867249849e-05
2.795 4.39696707097e-05
2.805 4.07926625643e-05
2.815 3.76236343788e-05
2.825 3.44778981241e-05
2.835 3.1401305986e-05
2.845 2.84483160212e-05
2.855 2.56667166588e-05
2.865 2.30940503642e-05
2.875 2.07620777022e-05
2.885 1.87006985548e-05
2.895 1.69343259517e-05
2.905 1.54702040858e-05
2.915 1.42850700498e-05
2.925 1.33194110349e-05
2.935 1.24855828924e-05
2.945 1.16889972782e-05
2.955 1.08545282401e-05
2.965 9.94716628956e-06
2.975 8.97835678576e-06
2.985 7.99594811961e-06
2.995 7.06277114589e-06
3.005 6.23310992584e-06
3.015 5.5360393697e-06
3.025 4.9705341551e-06
3.035 4.51180296613e-06
3.045 4.12410005797e-06
3.055 3.77387249225e-06
3.065 3.43849995061e-06
3.075 3.10883145676e-06
3.085 2.786592879e-06
3.095 2.47934483807e-06
3.105 2.19569119346e-06
3.115 1.9423381993e-06
3.125 1.72321276836e-06
3.135 1.53987855368e-06
3.145 1.39224347657e-06
3.155 1.2789044276e-06
3.165 1.19705334814e-06
3.175 1.14230264157e-06
3.185 1.10887575891e-06
3.195 1.09036764766e-06
3.205 1.08089048937e-06
3.215 1.07612083482e-06
3.225 1.07373388791e-06
3.235 1.0729816179e-06
3.245 1.07360677032e-06
3.255 1.07464398382e-06
3.265 1.07373064257e-06
3.275 1.06728161128e-06
3.285 1.05142180013e-06
3.295 1.02318215771e-06
3.305 9.81364774964e-07
3.315 9.26708400501e-07
3.325 8.6138077995e-07
3.335 7.8814974251e-07
3.345 7.09671667073e-07
3.355 6.2817649152e-07
3.365 5.45556364968e-07
3.375 4.63651465512e-07
3.385 3.84473455334e-07
3.395 3.10204606713e-07
3.405 2.42969699414e-07
3.415 1.8450013777e-07
3.425 1.35843859937e-07
3.435 9.7228959413e-08
3.445 6.81083291808e-08
3.455 4.73434265826e-08
3.465 3.34523342117e-08
3.475 2.48506940386e-08
3.485 2.00390358279e-08
3.495 1.77195330292e-08
3.505 1.68479745541e-08
3.515 1.66386964995e-08
3.525 1.65424823962e-08
3.535 1.62133962168e-08
3.545 1.54738408658e-08
3.555 1.4280884842e-08
3.565 1.26930717751e-08
3.575 1.08362124762e-08
3.585 8.86839018204e-09
3.595 6.94695152406e-09
3.605 5.20182672224e-09
3.615 3.71908220863e-09
3.625 2.53631452666e-09
3.635 1.64847469905e-09
3.645 1.0203448146e-09
3.655 6.01055361837e-10
3.665 3.36775513875e-10
3.675 1.79396515178e-10
3.685 9.08139331568e-11
3.695 4.36714731481e-11
3.705 1.99440154403e-11
3.715 8.64722404714e-12
3.725 3.55864584237e-12
3.735 1.38977235384e-12
3.745 5.14956578435e-13
3.755 1.81005358629e-13
3.765 6.03447100878e-14
3.775 1.90788885523e-14
3.785 5.71975302893e-15
3.795 1.62577476971e-15
3.805 4.38081178775e-16
3.815 1.11896182773e-16
3.825 2.70894670764e-17
3.835 6.2154214776e-18
3.845 1.35141319447e-18
3.855 2.78430991174e-19
3.865 5.43531802896e-20
3.875 1.00525913698e-20
3.885 1.76135131316e-21
3.895 2.92347551838e-22
3.905 4.59632188087e-23
3.915 6.84466507331e-24
3.925 9.65382287999e-25
3.935 1.289518589e-25
3.945 1.63122565877e-26
3.955 1.95405511561e-27
3.965 2.21653816141e-28
3.975 2.38072741428e-29
3.985 2.42114991148e-30
3.995 2.33127639069e-31
4.005 2.12524722663e-32
4.015 1.83422771914e-33
4.025 1.49868570667e-34
4.035 1.15922489055e-35
4.045 8.48812547938e-37
4.055 5.88343267267e-38
4.065 3.86023184253e-39
4.075 2.39744698011e-40
4.085 1.40937884907e-41
4.095 7.84224368498e-43
4.105 4.13026663153e-44
4.115 2.05888884918e-45
4.125 9.71397942048e-47
4.135 4.33774297849e-48
4.145 1.83326884388e-49
4.155 7.33293733344e-51
4.165 2.77596138616e-52
4.175 9.94550907793e-54
4.185 3.37220228485e-55
4.195 1.08210245389e-56
4.205 3.28614523274e-58
4.215 9.44418397329e-60
4.225 2.56860535465e-61
4.235 6.61122221969e-63
4.245 1.61032643553e-64
4.255 3.71185019589e-66
4.265 8.09669974059e-68
4.275 1.67133529258e-69
4.285 3.26478144353e-71
4.295 6.03499306765e-73
4.305 1.05567161302e-74
4.315 1.74746183395e-76
4.325 2.73722705618e-78
4.335 4.05728758066e-80
4.345 5.69089088119e-82
4.355 7.55339085563e-84
4.365 9.48677706538e-86
4.375 1.12747867861e-87
4.385 1.26796952398e-89
4.395 1.34932979749e-91
4.405 1.35873342717e-93
4.415 1.29465884833e-95
4.425 1.16729194574e-97
4.435 9.95875073599e-100
4.445 8.03951166286e-102
4.455 6.14118460767e-104
4.465 4.43885121096e-106
4.475 3.03587078914e-108
4.485 1.96466531927e-110
4.495 1.20305322953e-112
4.505 6.97060500394e-115
4.515 3.82158826621e-117
4.525 1.98245600241e-119
4.535 9.73078638223e-122
4.545 4.51934545581e-124
4.555 1.98602580445e-126
4.565 8.25799337988e-129
4.575 3.24895011844e-131
4.585 1.20945307646e-133
4.595 4.26001462446e-136
4.605 1.41973695022e-138
4.615 4.47690702188e-141
4.625 1.33573512191e-143
4.635 3.77079920363e-146
4.645 1.00720063257e-148
4.655 2.54546334938e-151
4.665 6.08674008465e-154
4.675 1.3771096215e-156
4.685 2.94792841641e-159
4.695 5.9707496152e-162
4.705 1.14420318204e-164
4.715 2.07462062666e-167
4.725 3.55905241257e-170
4.735 5.77682421434e-173
4.745 8.87159981189e-176
4.755 1.28905581375e-178
4.765 1.77213774583e-181
4.775 2.30503865431e-184
4.785 2.83669706845e-187
4.795 3.30294061616e-190
4.805 3.63865347519e-193
4.815 3.79255462324e-196
4.825 3.74001473582e-199
4.835 3.48950826454e-202
4.845 3.08037609579e-205
4.855 2.57271108972e-208
4.865 2.03294316593e-211
4.875 1.51986706438e-214
4.885 1.07505662302e-217
4.895 7.19451764478e-221
4.905 4.55528852687e-224
4.915 2.72880961878e-227
4.925 1.54658223046e-230
4.935 8.29305480118e-234
4.945 4.20723839073e-237
4.955 2.01938959778e-240
4.965 9.17028590567e-244
4.975 3.93989619017e-247
4.985 1.601493624e-250
4.995 6.15890615218e-254
5.005 2.2408836987e-257
5.015 7.71386159207e-261
5.025 2.51223702018e-264
5.035 7.74078648547e-268
5.045 2.25654891816e-271
5.055 6.22356308277e-275
5.065 1.62393119191e-278
5.075 4.00894275132e-282
5.085 9.36322198485e-286
5.095 2.06896700051e-289
5.105 4.32527916102e-293
5.115 8.5547362653e-297
5.125 1.60077609813e-300
5.135 2.83390724842e-304
5.145 4.74647667454e-308
5.155 7.52120388492e-312
5.165 1.12754342045e-315
5.175 1.59943871528e-319
5.185 0.0
5.195 0.0
5.205 0.0
5.215 0.0
5.225 0.0
5.235 0.0
5.245 0.0
5.255 0.0
5.265 0.0
5.275 0.0
5.285 0.0
5.295 0.0
5.305 0.0
5.315 0.0
5.325 0.0
5.335 0.0
5.345 0.0
5.355 0.0
5.365 0.0
5.375 0.0
5.385 0.0
5.395 0.0
5.405 0.0
5.415 0.0
5.425 0.0
5.435 0.0
5.445 0.0
5.455 0.0
5.465 0.0
5.475 0.0
5.485 0.0
5.495 0.0
5.505 0.0
5.515 0.0
5.525 0.0
5.535 0.0
5.545 0.0
5.555 0.0
5.565 0.0
5.575 0.0
5.585 0.0
5.595 0.0
5.605 0.0
5.615 0.0
5.625 0.0
5.635 0.0
5.645 0.0
5.655 0.0
5.665 0.0
5.675 0.0
5.685 0.0
5.695 0.0
5.705 0.0
5.715 0.0
5.725 0.0
5.735 0.0
5.745 0.0
5.755 0.0
5.765 0.0
5.775 0.0
5.785 0.0
5.795 0.0
5.805 0.0
5.815 0.0
5.825 0.0
5.835 0.0
5.845 0.0
5.855 0.0
5.865 0.0
5.875 0.0
5.885 0.0
5.895 0.0
5.905 0.0
5.915 0.0
5.925 0.0
5.935 0.0
5.945 0.0
5.955 0.0
5.965 0.0
5.975 0.0
5.985 0.0
5.995 0.0
6.005 0.0
6.015 0.0
6.025 0.0
6.035 0.0
6.045 0.0
6.055 0.0
6.065 0.0
6.075 0.0
6.085 0.0
6.095 0.0
6.105 0.0
6.115 0.0
6.125 0.0
6.135 0.0
6.145 0.0
6.155 0.0
6.165 0.0
6.175 0.0
6.185 0.0
6.195 0.0
6.205 0.0
6.215 0.0
6.225 0.0
6.235 0.0
6.245 0.0
6.255 0.0
6.265 0.0
6.275 0.0
6.285 0.0
6.295 0.0
6.305 0.0
6.315 0.0
6.325 0.0
6.335 0.0
6.345 0.0
6.355 0.0
6.365 0.0
6.375 0.0
6.385 0.0
6.395 0.0
6.405 0.0
6.415 0.0
6.425 0.0
6.435 0.0
6.445 0.0
6.455 0.0
6.465 0.0
6.475 0.0
6.485 0.0
6.495 0.0
6.505 0.0
6.515 0.0
6.525 0.0
6.535 0.0
6.545 0.0
6.555 0.0
6.565 0.0
6.575 0.0
6.585 0.0
6.595 0.0
6.605 0.0
6.615 0.0
6.625 0.0
6.635 0.0
6.645 0.0
6.655 0.0
6.665 0.0
6.675 0.0
6.685 0.0
6.695 0.0
6.705 0.0
6.715 0.0
6.725 0.0
6.735 0.0
6.745 0.0
6.755 0.0
6.765 0.0
6.775 0.0
6.785 0.0
6.795 0.0
6.805 0.0
6.815 0.0
6.825 0.0
6.835 0.0
6.845 0.0
6.855 0.0
6.865 0.0
6.875 0.0
6.885 0.0
6.895 0.0
6.905 0.0
6.915 0.0
6.925 0.0
6.935 0.0
6.945 0.0
6.955 0.0
6.965 0.0
6.975 0.0
6.985 0.0
6.995 0.0
7.005 0.0
7.015 0.0
7.025 0.0
7.035 0.0
7.045 0.0
7.055 0.0
7.065 0.0
7.075 0.0
7.085 0.0
7.095 0.0
7.105 0.0
7.115 0.0
7.125 0.0
7.135 0.0
7.145 0.0
7.155 0.0
7.165 0.0
7.175 0.0
7.185 0.0
7.195 0.0
7.205 0.0
7.215 0.0
7.225 0.0
7.235 0.0
7.245 0.0
7.255 0.0
7.265 0.0
7.275 0.0
7.285 0.0
7.295 0.0
7.305 0.0
7.315 0.0
7.325 0.0
7.335 0.0
7.345 0.0
7.355 0.0
7.365 0.0
7.375 0.0
7.385 0.0
7.395 0.0
7.405 0.0
7.415 0.0
7.425 0.0
7.435 0.0
7.445 0.0
7.455 0.0
7.465 0.0
7.475 0.0
7.485 0.0
7.495 0.0
7.505 0.0
7.515 0.0
7.525 0.0
7.535 0.0
7.545 0.0
7.555 0.0
7.565 0.0
7.575 0.0
7.585 0.0
7.595 0.0
7.605 0.0
7.615 0.0
7.625 0.0
7.635 0.0
7.645 0.0
7.655 0.0
7.665 0.0
7.675 0.0
7.685 0.0
7.695 0.0
7.705 0.0
7.715 0.0
7.725 0.0
7.735 0.0
7.745 0.0
7.755 0.0
7.765 0.0
7.775 0.0
7.785 0.0
7.795 0.0
7.805 0.0
7.815 0.0
7.825 0.0
7.835 0.0
7.845 0.0
7.855 0.0
7.865 0.0
7.875 0.0
7.885 0.0
7.895 0.0
7.905 0.0
7.915 0.0
7.925 0.0
7.935 0.0
7.945 0.0
7.955 0.0
7.965 0.0
7.975 0.0
7.985 0.0
7.995 0.0
8.005 0.0
8.015 0.0
8.025 0.0
8.035 0.0
8.045 0.0
8.055 0.0
8.065 0.0
8.075 0.0
8.085 0.0
8.095 0.0
8.105 0.0
8.115 0.0
8.125 0.0
8.135 0.0
8.145 0.0
8.155 0.0
8.165 0.0
8.175 0.0
8.185 0.0
8.195 0.0
8.205 0.0
8.215 0.0
8.225 0.0
8.235 0.0
8.245 0.0
8.255 0.0
8.265 0.0
8.275 0.0
8.285 0.0
8.295 0.0
8.305 0.0
8.315 0.0
8.325 0.0
8.335 0.0
8.345 0.0
8.355 0.0
8.365 0.0
8.375 0.0
8.385 0.0
8.395 0.0
8.405 0.0
8.415 0.0
8.425 0.0
8.435 0.0
8.445 0.0
8.455 0.0
8.465 0.0
8.475 0.0
8.485 0.0
8.495 0.0
8.505 0.0
8.515 0.0
8.525 0.0
8.535 0.0
8.545 0.0
8.555 0.0
8.565 0.0
8.575 0.0
8.585 0.0
8.595 0.0
8.605 0.0
8.615 0.0
8.625 0.0
8.635 0.0
8.645 0.0
8.655 0.0
8.665 0.0
8.675 0.0
8.685 0.0
8.695 0.0
8.705 0.0
8.715 0.0
8.725 0.0
8.735 0.0
8.745 0.0
8.755 0.0
8.765 0.0
8.775 0.0
8.785 0.0
8.795 0.0
8.805 0.0
8.815 0.0
8.825 0.0
8.835 0.0
8.845 0.0
8.855 0.0
8.865 0.0
8.875 0.0
8.885 0.0
8.895 0.0
8.905 0.0
8.915 0.0
8.925 0.0
8.935 0.0
8.945 0.0
8.955 0.0
8.965 0.0
8.975 0.0
8.985 0.0
8.995 0.0
9.005 0.0
9.015 0.0
9.025 0.0
9.035 0.0
9.045 0.0
9.055 0.0
9.065 0.0
9.075 0.0
9.085 0.0
9.095 0.0
9.105 0.0
9.115 0.0
9.125 0.0
9.135 0.0
9.145 0.0
9.155 0.0
9.165 0.0
9.175 0.0
9.185 0.0
9.195 0.0
9.205 0.0
9.215 0.0
9.225 0.0
9.235 0.0
9.245 0.0
9.255 0.0
9.265 0.0
9.275 0.0
9.285 0.0
9.295 0.0
9.305 0.0
9.315 0.0
9.325 0.0
9.335 0.0
9.345 0.0
9.355 0.0
9.365 0.0
9.375 0.0
9.385 0.0
9.395 0.0
9.405 0.0
9.415 0.0
9.425 0.0
9.435 0.0
9.445 0.0
9.455 0.0
9.465 0.0
9.475 0.0
9.485 0.0
9.495 0.0
9.505 0.0
9.515 0.0
9.525 0.0
9.535 0.0
9.545 0.0
9.555 0.0
9.565 0.0
9.575 0.0
9.585 0.0
9.595 0.0
9.605 0.0
9.615 0.0
9.625 0.0
9.635 0.0
9.645 0.0
9.655 0.0
9.665 0.0
9.675 0.0
9.685 0.0
9.695 0.0
9.705 0.0
9.715 0.0
9.725 0.0
9.735 0.0
9.745 0.0
9.755 0.0
9.765 0.0
9.775 0.0
9.785 0.0
9.795 0.0
9.805 0.0
9.815 0.0
9.825 0.0
9.835 0.0
9.845 0.0
9.855 0.0
9.865 0.0
9.875 0.0
9.885 0.0
9.895 0.0
9.905 0.0
9.915 0.0
9.925 0.0
9.935 0.0
9.945 0.0
9.955 0.0
9.965 0.0
9.975 0.0
9.985 0.0
9.995 0.0
