energy(eV) events_nbr
0.005 8.99059840071e-06
0.015 1.07943223866e-05
0.025 1.23625719385e-05
0.035 1.35754464858e-05
0.045 1.4407738238e-05
0.055 1.49534858702e-05
0.065 1.54185349967e-05
0.075 1.6081254672e-05
0.085 1.72329219917e-05
0.095 1.91159238306e-05
0.105 2.18773414438e-05
0.115 2.55488330777e-05
0.125 3.0054577935e-05
0.135 3.52409114928e-05
0.145 4.09159514954e-05
0.155 4.68853278354e-05
0.165 5.29715533441e-05
0.175 5.90109235502e-05
0.185 6.48336702653e-05
0.195 7.02472411488e-05
0.205 7.50510187261e-05
0.215 7.91041986666e-05
0.225 8.24435451139e-05
0.235 8.54128166897e-05
0.245 8.87398458466e-05
0.255 9.35001895743e-05
0.265 0.000100944970119
0.275 0.000112231985293
0.285 0.000128154792309
0.295 0.000148984466613
0.305 0.000174507838449
0.315 0.000204271480543
0.325 0.000237949614713
0.335 0.000275683509583
0.345 0.000318225685802
0.355 0.000366787597662
0.365 0.000422631708124
0.375 0.000486625409494
0.385 0.000559100002234
0.395 0.000640331325455
0.405 0.000731720146394
0.415 0.000837348504333
0.425 0.00096520174158
0.435 0.00112722202993
0.445 0.00133767573892
0.455 0.00161004321441
0.465 0.00195349214718
0.475 0.00237054363562
0.485 0.00285741721377
0.495 0.00340765125253
0.505 0.00401819452784
0.515 0.00469578731328
0.525 0.00546072671002
0.535 0.00634555502639
0.545 0.00738800365378
0.555 0.00862030714123
0.565 0.0100597467359
0.575 0.0117064667906
0.585 0.013552854169
0.595 0.0156038407012
0.605 0.0179010445043
0.615 0.0205390417503
0.625 0.0236627014483
0.635 0.0274417077034
0.645 0.0320297242436
0.655 0.0375255676558
0.665 0.0439563501805
0.675 0.0512951686784
0.685 0.0595111736547
0.695 0.0686346338503
0.705 0.0788114604385
0.715 0.090324814296
0.725 0.103574833291
0.735 0.119025505855
0.745 0.137142349122
0.755 0.158348403773
0.765 0.183015077724
0.775 0.211480893561
0.785 0.244065854417
0.795 0.281038625359
0.805 0.322512394748
0.815 0.368293591046
0.825 0.417765482295
0.835 0.469921515576
0.845 0.523640761982
0.855 0.578214635814
0.865 0.63401760729
0.875 0.693113320783
0.885 0.759546245801
0.895 0.839108604211
0.905 0.938485429741
0.915 1.06384119598
0.925 1.21908515198
0.935 1.40419818384
0.945 1.61407230042
0.955 1.83825806494
0.965 2.06181989744
0.975 2.26720739399
0.985 2.43676226119
0.995 2.55530718262
1.005 2.61226827909
1.015 2.6029474579
1.025 2.52880162396
1.035 2.39681034818
1.045 2.21816853875
1.055 2.0066186683
1.065 1.7767517031
1.075 1.54256503989
1.085 1.31647001334
1.095 1.10880237147
1.105 0.927742863724
1.115 0.779453576394
1.125 0.668218328622
1.135 0.596444895106
1.145 0.564506386517
1.155 0.570513291958
1.165 0.610170333467
1.175 0.676865481672
1.185 0.762074372048
1.195 0.85607258595
1.205 0.948864055131
1.215 1.03117968988
1.225 1.09538498274
1.235 1.13615506278
1.245 1.15082041514
1.255 1.13934562948
1.265 1.10396806899
1.275 1.04858428302
1.285 0.978018123547
1.295 0.897322867118
1.305 0.811249891588
1.315 0.723958013614
1.325 0.638955011362
1.335 0.55918494436
1.345 0.487134567984
1.355 0.42484970774
1.365 0.373821307624
1.375 0.334786909368
1.385 0.307551979376
1.395 0.290937405585
1.405 0.282907713897
1.415 0.280861055822
1.425 0.282005947473
1.435 0.28373357061
1.445 0.283914307452
1.455 0.281081885524
1.465 0.274497779989
1.475 0.264105714574
1.485 0.250397167377
1.495 0.234221050141
1.505 0.216582784159
1.515 0.198479931317
1.525 0.180805035101
1.535 0.164315080209
1.545 0.149637257267
1.555 0.137270425594
1.565 0.127556685709
1.575 0.120626852593
1.585 0.116347743126
1.595 0.114304065864
1.605 0.113833757071
1.615 0.114114716642
1.625 0.114285559224
1.635 0.113577487078
1.645 0.111434698904
1.655 0.107601623982
1.665 0.102156719998
1.675 0.0954795200922
1.685 0.0881534895978
1.695 0.0808281511084
1.705 0.0740794352214
1.715 0.0683076549147
1.725 0.0636965388293
1.735 0.0602327172081
1.745 0.0577651188722
1.755 0.0560760005527
1.765 0.0549398981084
1.775 0.0541580031381
1.785 0.0535670787907
1.795 0.0530306048718
1.805 0.052424500636
1.815 0.0516301563145
1.825 0.0505430497931
1.835 0.049096529475
1.845 0.0472906174438
1.855 0.0452099509888
1.865 0.0430170181836
1.875 0.0409163665946
1.885 0.0390980090202
1.895 0.037677912422
1.905 0.0366562142617
1.915 0.0359090464244
1.925 0.0352196266333
1.935 0.0343418137901
1.945 0.0330780797217
1.955 0.0313473059872
1.965 0.029218890206
1.975 0.0268992861841
1.985 0.0246729198436
1.995 0.0228158675773
2.005 0.021511205459
2.015 0.0207950387399
2.025 0.0205515757117
2.035 0.0205581626769
2.045 0.0205634511827
2.055 0.0203703713982
2.065 0.0198945767666
2.075 0.0191788971747
2.085 0.0183613525131
2.095 0.0176118177728
2.105 0.0170635552596
2.115 0.0167661862307
2.125 0.0166764091859
2.135 0.0166864783761
2.145 0.0166751533557
2.155 0.0165579044776
2.165 0.0163156159699
2.175 0.0159922369192
2.185 0.0156663184474
2.195 0.0154123835567
2.205 0.0152707558062
2.215 0.0152381851792
2.225 0.0152801232986
2.235 0.0153549353122
2.245 0.0154359188857
2.255 0.0155203796436
2.265 0.01562357764
2.275 0.0157639101943
2.285 0.0159494808972
2.295 0.0161735910015
2.305 0.0164199309234
2.315 0.0166719170874
2.325 0.0169186764147
2.335 0.0171535240473
2.345 0.0173667973252
2.355 0.017539326751
2.365 0.0176426147637
2.375 0.0176471915405
2.385 0.0175348860022
2.395 0.0173078627576
2.405 0.0169891514454
2.415 0.0166146336269
2.425 0.0162214316109
2.435 0.0158391310132
2.445 0.0154876226575
2.455 0.0151807513172
2.465 0.0149316446343
2.475 0.014755523728
2.485 0.0146684869267
2.495 0.0146839860604
2.505 0.0148102955419
2.515 0.0150514717761
2.525 0.0154119488657
2.535 0.0159024906237
2.545 0.0165438195134
2.555 0.0173642589136
2.565 0.0183891291441
2.575 0.0196223117681
2.585 0.0210240082287
2.595 0.0224922927681
2.605 0.0238578569208
2.615 0.0248995282654
2.625 0.0253820668345
2.635 0.0251089739696
2.645 0.0239752493058
2.655 0.0220023108957
2.665 0.0193418531524
2.675 0.0162459463279
2.685 0.0130126988931
2.695 0.00992493853741
2.705 0.0072002290541
2.715 0.00496441005167
2.725 0.00325120408666
2.735 0.00202179887842
2.745 0.00119385884024
2.755 0.000669776321432
2.765 0.000357580771163
2.775 0.000182388231605
2.785 8.96925347636e-05
2.795 4.34026765893e-05
2.805 2.15535651783e-05
2.815 1.17756576178e-05
2.825 7.59429616123e-06
2.835 5.85061124142e-06
2.845 5.10670574797e-06
2.855 4.75224981137e-06
2.865 4.54527807851e-06
2.875 4.39438318946e-06
2.885 4.26403552019e-06
2.895 4.13804696445e-06
2.905 4.0078881158e-06
2.915 3.86965464356e-06
2.925 3.72263185661e-06
2.935 3.56748308582e-06
2.945 3.40459623579e-06
2.955 3.23363642598e-06
2.965 3.05455688727e-06
2.975 2.86922223634e-06
2.985 2.68231095345e-06
2.995 2.50061954166e-06
3.005 2.33093093913e-06
3.015 2.17752274453e-06
3.025 2.04062158085e-06
3.035 1.91658358885e-06
3.045 1.79967090405e-06
3.055 1.6845295648e-06
3.065 1.56822480732e-06
3.075 1.45100733959e-06
3.085 1.3356436199e-06
3.095 1.22579833503e-06
3.105 1.12431295963e-06
3.115 1.03215450364e-06
3.125 9.48392390726e-07
3.135 8.71031381028e-07
3.145 7.98151752535e-07
3.155 7.28752422369e-07
3.165 6.62946370347e-07
3.175 6.0154831102e-07
3.185 5.45397245619e-07
3.195 4.94823950474e-07
3.205 4.49509018412e-07
3.215 4.08712504226e-07
3.225 3.71657032947e-07
3.235 3.37810867309e-07
3.245 3.06932157989e-07
3.255 2.78903727511e-07
3.265 2.53502720952e-07
3.275 2.30258939173e-07
3.285 2.08479117069e-07
3.295 1.87413931375e-07
3.305 1.66478268124e-07
3.315 1.45426499738e-07
3.325 1.24420365509e-07
3.335 1.03978038782e-07
3.345 8.48340588627e-08
3.355 6.77600673783e-08
3.365 5.33967309587e-08
3.375 4.21341669353e-08
3.385 3.40585661204e-08
3.395 2.89627778927e-08
3.405 2.64037458199e-08
3.415 2.57833876433e-08
3.425 2.64321302011e-08
3.435 2.76826492701e-08
3.445 2.89302678068e-08
3.455 2.96814934882e-08
3.465 2.95918351043e-08
3.475 2.84902643281e-08
3.485 2.63843908137e-08
3.495 2.34409814996e-08
3.505 1.9941686819e-08
3.515 1.62215048776e-08
3.525 1.26037078507e-08
3.535 9.34639275169e-09
3.545 6.61169225864e-09
3.555 4.46095777205e-09
3.565 2.87137870963e-09
3.575 1.7645809178e-09
3.585 1.03699159893e-09
3.595 5.84403750781e-10
3.605 3.17298952229e-10
3.615 1.67188346208e-10
3.625 8.64210967014e-11
3.635 4.44725553684e-11
3.645 2.3181358529e-11
3.655 1.24365632077e-11
3.665 6.92918048113e-12
3.675 4.00294926712e-12
3.685 2.37220841807e-12
3.695 1.42119111045e-12
3.705 8.48869523183e-13
3.715 4.99919325694e-13
3.725 2.87923844849e-13
3.735 1.61211211673e-13
3.745 8.73642163418e-14
3.755 4.56672796385e-14
3.765 2.29621496181e-14
3.775 1.10806822032e-14
3.785 5.12198091734e-15
3.795 2.26426887273e-15
3.805 9.55974929578e-16
3.815 3.8503060806e-16
3.825 1.47792921375e-16
3.835 5.4021451901e-17
3.845 1.87902369789e-17
3.855 6.21578766443e-18
3.865 1.95452010439e-18
3.875 5.83952439051e-19
3.885 1.6570944437e-19
3.895 4.46488150405e-20
3.905 1.14194100547e-20
3.915 2.77166894709e-21
3.925 6.38275542726e-22
3.935 1.39431118676e-22
3.945 2.88881707528e-23
3.955 5.67571622571e-24
3.965 1.05730259208e-24
3.975 1.86723472558e-25
3.985 3.12584257582e-26
3.995 4.95969984524e-27
4.005 7.45793849299e-28
4.015 1.06271149828e-28
4.025 1.43484814479e-29
4.035 1.83549725463e-30
4.045 2.22445831168e-31
4.055 2.55378941969e-32
4.065 2.77719018572e-33
4.075 2.86059978443e-34
4.085 2.79069514313e-35
4.095 2.57837418249e-36
4.105 2.25597176211e-37
4.115 1.8691874682e-38
4.125 1.46650044167e-39
4.135 1.08943566456e-40
4.145 7.6628822804e-42
4.155 5.10312447241e-43
4.165 3.2174882352e-44
4.175 1.92052056048e-45
4.185 1.08524428987e-46
4.195 5.80535666831e-48
4.205 2.93974948104e-49
4.215 1.40915818994e-50
4.225 6.39390172439e-52
4.235 2.746113254e-53
4.245 1.11636803749e-54
4.255 4.29559796032e-56
4.265 1.56443875178e-57
4.275 5.39267420686e-59
4.285 1.75935297261e-60
4.295 5.43247742173e-62
4.305 1.58756846001e-63
4.315 4.39086835846e-65
4.325 1.14933337602e-66
4.335 2.84717293864e-68
4.345 6.6749621907e-70
4.355 1.48096950672e-71
4.365 3.10957656047e-73
4.375 6.17888292173e-75
4.385 1.16189860996e-76
4.395 2.06762724857e-78
4.405 3.48191692011e-80
4.415 5.54885377974e-82
4.425 8.36803751923e-84
4.435 1.1941979329e-85
4.445 1.61271790162e-87
4.455 2.06094812083e-89
4.465 2.49229564102e-91
4.475 2.85202477747e-93
4.485 3.08834465352e-95
4.495 3.16456879721e-97
4.505 3.06843766179e-99
4.515 2.81534612406e-101
4.525 2.44430744962e-103
4.535 2.00810906068e-105
4.545 1.56107630935e-107
4.555 1.14832374345e-109
4.565 7.99292954815e-112
4.575 5.26437911652e-114
4.585 3.28084726082e-116
4.595 1.93473167688e-118
4.605 1.07956695214e-120
4.615 5.69994679868e-123
4.625 2.8476244526e-125
4.635 1.34611963654e-127
4.645 6.02104699906e-130
4.655 2.5482744245e-132
4.665 1.02048032045e-134
4.675 3.86674739575e-137
4.685 1.38633502801e-139
4.695 4.70294980976e-142
4.705 1.50956144962e-144
4.715 4.5846705506e-147
4.725 1.31747067979e-149
4.735 3.58218411284e-152
4.745 9.21568500719e-155
4.755 2.24325577426e-157
4.765 5.166543897e-160
4.775 1.12587541964e-162
4.785 2.32139041605e-165
4.795 4.52868846896e-168
4.805 8.35914603708e-171
4.815 1.45987410693e-173
4.825 2.41230250889e-176
4.835 3.7714631243e-179
4.845 5.57890009741e-182
4.855 7.80812637411e-185
4.865 1.03395953919e-187
4.875 1.2954410906e-190
4.885 1.53563562933e-193
4.895 1.72232090691e-196
4.905 1.82765561388e-199
4.915 1.83496629059e-202
4.925 1.74306790927e-205
4.935 1.56657825143e-208
4.945 1.3321113991e-211
4.955 1.07171369288e-214
4.965 8.15766627464e-218
4.975 5.87490929849e-221
4.985 4.00298210957e-224
4.995 2.5805517822e-227
5.005 1.57393635197e-230
5.015 9.08252587781e-234
5.025 4.95872770799e-237
5.035 2.56139928967e-240
5.045 1.25177709194e-243
5.055 5.78786919235e-247
5.065 2.53193019027e-250
5.075 1.04791340238e-253
5.085 4.10335472431e-257
5.095 1.52016978989e-260
5.105 5.32824130762e-264
5.115 1.76690754144e-267
5.125 5.5434652615e-271
5.135 1.64545433018e-274
5.145 4.62090219735e-278
5.155 1.22773212738e-281
5.165 3.08614152374e-285
5.175 7.33943985089e-289
5.185 1.65136986125e-292
5.195 3.51527792731e-296
5.205 7.07959447406e-300
5.215 1.3489319361e-303
5.225 2.4316674674e-307
5.235 4.14715615973e-311
5.245 6.6915730871e-315
5.255 1.02148566343e-318
5.265 1.38338380836e-322
5.275 0.0
5.285 0.0
5.295 0.0
5.305 0.0
5.315 0.0
5.325 0.0
5.335 0.0
5.345 0.0
5.355 0.0
5.365 0.0
5.375 0.0
5.385 0.0
5.395 0.0
5.405 0.0
5.415 0.0
5.425 0.0
5.435 0.0
5.445 0.0
5.455 0.0
5.465 0.0
5.475 0.0
5.485 0.0
5.495 0.0
5.505 0.0
5.515 0.0
5.525 0.0
5.535 0.0
5.545 0.0
5.555 0.0
5.565 0.0
5.575 0.0
5.585 0.0
5.595 0.0
5.605 0.0
5.615 0.0
5.625 0.0
5.635 0.0
5.645 0.0
5.655 0.0
5.665 0.0
5.675 0.0
5.685 0.0
5.695 0.0
5.705 0.0
5.715 0.0
5.725 0.0
5.735 0.0
5.745 0.0
5.755 0.0
5.765 0.0
5.775 0.0
5.785 0.0
5.795 0.0
5.805 0.0
5.815 0.0
5.825 0.0
5.835 0.0
5.845 0.0
5.855 0.0
5.865 0.0
5.875 0.0
5.885 0.0
5.895 0.0
5.905 0.0
5.915 0.0
5.925 0.0
5.935 0.0
5.945 0.0
5.955 0.0
5.965 0.0
5.975 0.0
5.985 0.0
5.995 0.0
6.005 0.0
6.015 0.0
6.025 0.0
6.035 0.0
6.045 0.0
6.055 0.0
6.065 0.0
6.075 0.0
6.085 0.0
6.095 0.0
6.105 0.0
6.115 0.0
6.125 0.0
6.135 0.0
6.145 0.0
6.155 0.0
6.165 0.0
6.175 0.0
6.185 0.0
6.195 0.0
6.205 0.0
6.215 0.0
6.225 0.0
6.235 0.0
6.245 0.0
6.255 0.0
6.265 0.0
6.275 0.0
6.285 0.0
6.295 0.0
6.305 0.0
6.315 0.0
6.325 0.0
6.335 0.0
6.345 0.0
6.355 0.0
6.365 0.0
6.375 0.0
6.385 0.0
6.395 0.0
6.405 0.0
6.415 0.0
6.425 0.0
6.435 0.0
6.445 0.0
6.455 0.0
6.465 0.0
6.475 0.0
6.485 0.0
6.495 0.0
6.505 0.0
6.515 0.0
6.525 0.0
6.535 0.0
6.545 0.0
6.555 0.0
6.565 0.0
6.575 0.0
6.585 0.0
6.595 0.0
6.605 0.0
6.615 0.0
6.625 0.0
6.635 0.0
6.645 0.0
6.655 0.0
6.665 0.0
6.675 0.0
6.685 0.0
6.695 0.0
6.705 0.0
6.715 0.0
6.725 0.0
6.735 0.0
6.745 0.0
6.755 0.0
6.765 0.0
6.775 0.0
6.785 0.0
6.795 0.0
6.805 0.0
6.815 0.0
6.825 0.0
6.835 0.0
6.845 0.0
6.855 0.0
6.865 0.0
6.875 0.0
6.885 0.0
6.895 0.0
6.905 0.0
6.915 0.0
6.925 0.0
6.935 0.0
6.945 0.0
6.955 0.0
6.965 0.0
6.975 0.0
6.985 0.0
6.995 0.0
7.005 0.0
7.015 0.0
7.025 0.0
7.035 0.0
7.045 0.0
7.055 0.0
7.065 0.0
7.075 0.0
7.085 0.0
7.095 0.0
7.105 0.0
7.115 0.0
7.125 0.0
7.135 0.0
7.145 0.0
7.155 0.0
7.165 0.0
7.175 0.0
7.185 0.0
7.195 0.0
7.205 0.0
7.215 0.0
7.225 0.0
7.235 0.0
7.245 0.0
7.255 0.0
7.265 0.0
7.275 0.0
7.285 0.0
7.295 0.0
7.305 0.0
7.315 0.0
7.325 0.0
7.335 0.0
7.345 0.0
7.355 0.0
7.365 0.0
7.375 0.0
7.385 0.0
7.395 0.0
7.405 0.0
7.415 0.0
7.425 0.0
7.435 0.0
7.445 0.0
7.455 0.0
7.465 0.0
7.475 0.0
7.485 0.0
7.495 0.0
7.505 0.0
7.515 0.0
7.525 0.0
7.535 0.0
7.545 0.0
7.555 0.0
7.565 0.0
7.575 0.0
7.585 0.0
7.595 0.0
7.605 0.0
7.615 0.0
7.625 0.0
7.635 0.0
7.645 0.0
7.655 0.0
7.665 0.0
7.675 0.0
7.685 0.0
7.695 0.0
7.705 0.0
7.715 0.0
7.725 0.0
7.735 0.0
7.745 0.0
7.755 0.0
7.765 0.0
7.775 0.0
7.785 0.0
7.795 0.0
7.805 0.0
7.815 0.0
7.825 0.0
7.835 0.0
7.845 0.0
7.855 0.0
7.865 0.0
7.875 0.0
7.885 0.0
7.895 0.0
7.905 0.0
7.915 0.0
7.925 0.0
7.935 0.0
7.945 0.0
7.955 0.0
7.965 0.0
7.975 0.0
7.985 0.0
7.995 0.0
8.005 0.0
8.015 0.0
8.025 0.0
8.035 0.0
8.045 0.0
8.055 0.0
8.065 0.0
8.075 0.0
8.085 0.0
8.095 0.0
8.105 0.0
8.115 0.0
8.125 0.0
8.135 0.0
8.145 0.0
8.155 0.0
8.165 0.0
8.175 0.0
8.185 0.0
8.195 0.0
8.205 0.0
8.215 0.0
8.225 0.0
8.235 0.0
8.245 0.0
8.255 0.0
8.265 0.0
8.275 0.0
8.285 0.0
8.295 0.0
8.305 0.0
8.315 0.0
8.325 0.0
8.335 0.0
8.345 0.0
8.355 0.0
8.365 0.0
8.375 0.0
8.385 0.0
8.395 0.0
8.405 0.0
8.415 0.0
8.425 0.0
8.435 0.0
8.445 0.0
8.455 0.0
8.465 0.0
8.475 0.0
8.485 0.0
8.495 0.0
8.505 0.0
8.515 0.0
8.525 0.0
8.535 0.0
8.545 0.0
8.555 0.0
8.565 0.0
8.575 0.0
8.585 0.0
8.595 0.0
8.605 0.0
8.615 0.0
8.625 0.0
8.635 0.0
8.645 0.0
8.655 0.0
8.665 0.0
8.675 0.0
8.685 0.0
8.695 0.0
8.705 0.0
8.715 0.0
8.725 0.0
8.735 0.0
8.745 0.0
8.755 0.0
8.765 0.0
8.775 0.0
8.785 0.0
8.795 0.0
8.805 0.0
8.815 0.0
8.825 0.0
8.835 0.0
8.845 0.0
8.855 0.0
8.865 0.0
8.875 0.0
8.885 0.0
8.895 0.0
8.905 0.0
8.915 0.0
8.925 0.0
8.935 0.0
8.945 0.0
8.955 0.0
8.965 0.0
8.975 0.0
8.985 0.0
8.995 0.0
9.005 0.0
9.015 0.0
9.025 0.0
9.035 0.0
9.045 0.0
9.055 0.0
9.065 0.0
9.075 0.0
9.085 0.0
9.095 0.0
9.105 0.0
9.115 0.0
9.125 0.0
9.135 0.0
9.145 0.0
9.155 0.0
9.165 0.0
9.175 0.0
9.185 0.0
9.195 0.0
9.205 0.0
9.215 0.0
9.225 0.0
9.235 0.0
9.245 0.0
9.255 0.0
9.265 0.0
9.275 0.0
9.285 0.0
9.295 0.0
9.305 0.0
9.315 0.0
9.325 0.0
9.335 0.0
9.345 0.0
9.355 0.0
9.365 0.0
9.375 0.0
9.385 0.0
9.395 0.0
9.405 0.0
9.415 0.0
9.425 0.0
9.435 0.0
9.445 0.0
9.455 0.0
9.465 0.0
9.475 0.0
9.485 0.0
9.495 0.0
9.505 0.0
9.515 0.0
9.525 0.0
9.535 0.0
9.545 0.0
9.555 0.0
9.565 0.0
9.575 0.0
9.585 0.0
9.595 0.0
9.605 0.0
9.615 0.0
9.625 0.0
9.635 0.0
9.645 0.0
9.655 0.0
9.665 0.0
9.675 0.0
9.685 0.0
9.695 0.0
9.705 0.0
9.715 0.0
9.725 0.0
9.735 0.0
9.745 0.0
9.755 0.0
9.765 0.0
9.775 0.0
9.785 0.0
9.795 0.0
9.805 0.0
9.815 0.0
9.825 0.0
9.835 0.0
9.845 0.0
9.855 0.0
9.865 0.0
9.875 0.0
9.885 0.0
9.895 0.0
9.905 0.0
9.915 0.0
9.925 0.0
9.935 0.0
9.945 0.0
9.955 0.0
9.965 0.0
9.975 0.0
9.985 0.0
9.995 0.0
