energy(eV) events_nbr
0.005 0.000201293429672
0.015 0.000241916482314
0.025 0.000277271370419
0.035 0.000304353562736
0.045 0.000321864915913
0.055 0.000330528288709
0.065 0.000332694538404
0.075 0.000331343930002
0.085 0.000328862496921
0.095 0.000326097802583
0.105 0.00032209376386
0.115 0.000314611324769
0.125 0.000301199105515
0.135 0.00028034936698
0.145 0.000252262669294
0.155 0.000218941122178
0.165 0.000183627463418
0.175 0.000149861985857
0.185 0.000120537591596
0.195 9.72743844318e-05
0.205 8.02658706579e-05
0.215 6.85597212567e-05
0.225 6.06029082982e-05
0.235 5.48365918045e-05
0.245 5.01603245565e-05
0.255 4.61635231549e-05
0.265 4.31072574636e-05
0.275 4.17050142641e-05
0.285 4.27871267442e-05
0.295 4.6943520882e-05
0.305 5.42331180065e-05
0.315 6.40334733451e-05
0.325 7.508206731e-05
0.335 8.57274006845e-05
0.345 9.43627854447e-05
0.355 9.99668975507e-05
0.365 0.000102638867675
0.375 0.000104005156501
0.385 0.000107389891603
0.395 0.000117664813614
0.405 0.00014071559045
0.415 0.000182485188599
0.425 0.00024761551962
0.435 0.000337841398806
0.445 0.000450490385634
0.455 0.000577630560447
0.465 0.000706454314003
0.475 0.000821281023369
0.485 0.000907112880005
0.495 0.000954149325923
0.505 0.000962305290145
0.515 0.000944762589851
0.525 0.000929870646874
0.535 0.000961035728145
0.545 0.00109428778424
0.555 0.00139291958209
0.565 0.00191830359775
0.575 0.00271636803267
0.585 0.00380078844975
0.595 0.00513658198217
0.605 0.00663038415685
0.615 0.00813456570381
0.625 0.00947024039941
0.635 0.0104693743131
0.645 0.011030764616
0.655 0.0111816404787
0.665 0.0111378586045
0.675 0.0113596914253
0.685 0.0126020844937
0.695 0.0159519949263
0.705 0.0228287027972
0.715 0.0349018479849
0.725 0.0538718923268
0.735 0.0810782762543
0.745 0.116963154306
0.755 0.160512690561
0.765 0.20888506805
0.775 0.257460127455
0.785 0.300469504072
0.795 0.332196464594
0.805 0.348542027325
0.815 0.348645145215
0.825 0.336299704933
0.835 0.321115946622
0.845 0.319594711683
0.855 0.356310910751
0.865 0.465066538987
0.875 0.68917874513
0.885 1.0792958416
0.895 1.68682201982
0.905 2.55177763505
0.915 3.68601367322
0.925 5.0557151584
0.935 6.5697934777
0.945 8.08133875576
0.955 9.40650264441
0.965 10.3592428255
0.975 10.793443719
0.985 10.6393560745
0.995 9.92180026063
1.005 8.75354732043
1.015 7.30626847816
1.025 5.76932364498
1.035 4.30994601236
1.045 3.04604544323
1.055 2.03666000258
1.065 1.28830381901
1.075 0.770966762645
1.085 0.4364863005
1.095 0.233788519189
1.105 0.118465895912
1.115 0.056791207996
1.125 0.0257564776454
1.135 0.0110511998929
1.145 0.00448590424406
1.155 0.00172269408969
1.165 0.000625869703098
1.175 0.0002151182689
1.185 6.99500872e-05
1.195 2.15187394147e-05
1.205 6.26271996678e-06
1.215 1.72435531436e-06
1.225 4.49167295426e-07
1.235 1.10689670504e-07
1.245 2.58061764589e-08
1.255 5.69190746301e-09
1.265 1.18770777505e-09
1.275 2.34465510894e-10
1.285 4.37890917896e-11
1.295 7.73696277685e-12
1.305 1.29328034541e-12
1.315 2.04518428883e-13
1.325 3.05977730115e-14
1.335 4.330766708e-15
1.345 5.79905677869e-16
1.355 7.34628093789e-17
1.365 8.80430957671e-18
1.375 9.98253122279e-19
1.385 1.07078838088e-19
1.395 1.08663633561e-20
1.405 1.04323559486e-21
1.415 9.47541348057e-23
1.425 8.14200837234e-24
1.435 6.61884969767e-25
1.445 5.09039043305e-26
1.455 3.70371251649e-27
1.465 2.54941798234e-28
1.475 1.6602076882e-29
1.485 1.02282514693e-30
1.495 5.96153329122e-32
1.505 3.28724558299e-33
1.515 1.71484127368e-34
1.525 8.46317469206e-36
1.535 3.95148450629e-37
1.545 1.74543974818e-38
1.555 7.29402152216e-40
1.565 2.88367836727e-41
1.575 1.07855972444e-42
1.585 3.81644649878e-44
1.595 1.2775907496e-45
1.605 4.0461496276e-47
1.615 1.21229892432e-48
1.625 3.43633187757e-50
1.635 9.21505819829e-52
1.645 2.33786088172e-53
1.655 5.61121418383e-55
1.665 1.27412673566e-56
1.675 2.73707067518e-58
1.685 5.56258928463e-60
1.695 1.06951179475e-61
1.705 1.94541276984e-63
1.715 3.34776948562e-65
1.725 5.45025636917e-67
1.735 8.39452092532e-69
1.745 1.22318599886e-70
1.755 1.68619068933e-72
1.765 2.19906705809e-74
1.775 2.71323780192e-76
1.785 3.16704946024e-78
1.795 3.49735270602e-80
1.805 3.65377348816e-82
1.815 3.61128203924e-84
1.825 3.37674912478e-86
1.835 2.98712766721e-88
1.845 2.49992150861e-90
1.855 1.97932250297e-92
1.865 1.48260121479e-94
1.875 1.05062986403e-96
1.885 7.04356832144e-99
1.895 4.46738438653e-101
1.905 2.6805969113e-103
1.915 1.52169391522e-105
1.925 8.17223215592e-108
1.935 4.15213712183e-110
1.945 1.99581498741e-112
1.955 9.07583250085e-115
1.965 3.9045434951e-117
1.975 1.58917475832e-119
1.985 6.11914369668e-122
1.995 2.22908816398e-124
2.005 7.68212624923e-127
2.015 2.50468569149e-129
2.025 7.72578520864e-132
2.035 2.25449680983e-134
2.045 6.22406645172e-137
2.055 1.62561020445e-139
2.065 4.01676304863e-142
2.075 9.38974092964e-145
2.085 2.07657971339e-147
2.095 4.34471411017e-150
2.105 8.59986041325e-153
2.115 1.61042016606e-155
2.125 2.85301857173e-158
2.135 4.78175804825e-161
2.145 7.58207710568e-164
2.155 1.13738211849e-166
2.165 1.61414370219e-169
2.175 2.16718305425e-172
2.185 2.75274889336e-175
2.195 3.30792152134e-178
2.205 3.76063686301e-181
2.215 4.04468961924e-184
2.225 4.1155378703e-187
2.235 3.96173666328e-190
2.245 3.60796409705e-193
2.255 3.10853964236e-196
2.265 2.53377597265e-199
2.275 1.95387878387e-202
2.285 1.42542581954e-205
2.295 9.83805453185e-209
2.305 6.4237914083e-212
2.315 3.96817882454e-215
2.325 2.31904214125e-218
2.335 1.2821641995e-221
2.345 6.70650499618e-225
2.355 3.31868825919e-228
2.365 1.55365385037e-231
2.375 6.88112857525e-235
2.385 2.88325251997e-238
2.395 1.14293962079e-241
2.405 4.28628945963e-245
2.415 1.52074817788e-248
2.425 5.10447068068e-252
2.435 1.62092052974e-255
2.445 4.86956685157e-259
2.455 1.38400144099e-262
2.465 3.72134858092e-266
2.475 9.46633268256e-270
2.485 2.27814191226e-273
2.495 5.18677471902e-277
2.505 1.11720172349e-280
2.515 2.27658258319e-284
2.525 4.38887105357e-288
2.535 8.00460367604e-292
2.545 1.38116144649e-295
2.555 2.25458524464e-299
2.565 3.48182127083e-303
2.575 5.08702518989e-307
2.585 7.03135301469e-311
2.595 9.19457201978e-315
2.605 1.13747251445e-318
2.615 9.38724727098e-323
2.625 0.0
2.635 0.0
2.645 0.0
2.655 0.0
2.665 0.0
2.675 0.0
2.685 0.0
2.695 0.0
2.705 0.0
2.715 0.0
2.725 0.0
2.735 0.0
2.745 0.0
2.755 0.0
2.765 0.0
2.775 0.0
2.785 0.0
2.795 0.0
2.805 0.0
2.815 0.0
2.825 0.0
2.835 0.0
2.845 0.0
2.855 0.0
2.865 0.0
2.875 0.0
2.885 0.0
2.895 0.0
2.905 0.0
2.915 0.0
2.925 0.0
2.935 0.0
2.945 0.0
2.955 0.0
2.965 0.0
2.975 0.0
2.985 0.0
2.995 0.0
3.005 0.0
3.015 0.0
3.025 0.0
3.035 0.0
3.045 0.0
3.055 0.0
3.065 0.0
3.075 0.0
3.085 0.0
3.095 0.0
3.105 0.0
3.115 0.0
3.125 0.0
3.135 0.0
3.145 0.0
3.155 0.0
3.165 0.0
3.175 0.0
3.185 0.0
3.195 0.0
3.205 0.0
3.215 0.0
3.225 0.0
3.235 0.0
3.245 0.0
3.255 0.0
3.265 0.0
3.275 0.0
3.285 0.0
3.295 0.0
3.305 0.0
3.315 0.0
3.325 0.0
3.335 0.0
3.345 0.0
3.355 0.0
3.365 0.0
3.375 0.0
3.385 0.0
3.395 0.0
3.405 0.0
3.415 0.0
3.425 0.0
3.435 0.0
3.445 0.0
3.455 0.0
3.465 0.0
3.475 0.0
3.485 0.0
3.495 0.0
3.505 0.0
3.515 0.0
3.525 0.0
3.535 0.0
3.545 0.0
3.555 0.0
3.565 0.0
3.575 0.0
3.585 0.0
3.595 0.0
3.605 0.0
3.615 0.0
3.625 0.0
3.635 0.0
3.645 0.0
3.655 0.0
3.665 0.0
3.675 0.0
3.685 0.0
3.695 0.0
3.705 0.0
3.715 0.0
3.725 0.0
3.735 0.0
3.745 0.0
3.755 0.0
3.765 0.0
3.775 0.0
3.785 0.0
3.795 0.0
3.805 0.0
3.815 0.0
3.825 0.0
3.835 0.0
3.845 0.0
3.855 0.0
3.865 0.0
3.875 0.0
3.885 0.0
3.895 0.0
3.905 0.0
3.915 0.0
3.925 0.0
3.935 0.0
3.945 0.0
3.955 0.0
3.965 0.0
3.975 0.0
3.985 0.0
3.995 0.0
4.005 0.0
4.015 0.0
4.025 0.0
4.035 0.0
4.045 0.0
4.055 0.0
4.065 0.0
4.075 0.0
4.085 0.0
4.095 0.0
4.105 0.0
4.115 0.0
4.125 0.0
4.135 0.0
4.145 0.0
4.155 0.0
4.165 0.0
4.175 0.0
4.185 0.0
4.195 0.0
4.205 0.0
4.215 0.0
4.225 0.0
4.235 0.0
4.245 0.0
4.255 0.0
4.265 0.0
4.275 0.0
4.285 0.0
4.295 0.0
4.305 0.0
4.315 0.0
4.325 0.0
4.335 0.0
4.345 0.0
4.355 0.0
4.365 0.0
4.375 0.0
4.385 0.0
4.395 0.0
4.405 0.0
4.415 0.0
4.425 0.0
4.435 0.0
4.445 0.0
4.455 0.0
4.465 0.0
4.475 0.0
4.485 0.0
4.495 0.0
4.505 0.0
4.515 0.0
4.525 0.0
4.535 0.0
4.545 0.0
4.555 0.0
4.565 0.0
4.575 0.0
4.585 0.0
4.595 0.0
4.605 0.0
4.615 0.0
4.625 0.0
4.635 0.0
4.645 0.0
4.655 0.0
4.665 0.0
4.675 0.0
4.685 0.0
4.695 0.0
4.705 0.0
4.715 0.0
4.725 0.0
4.735 0.0
4.745 0.0
4.755 0.0
4.765 0.0
4.775 0.0
4.785 0.0
4.795 0.0
4.805 0.0
4.815 0.0
4.825 0.0
4.835 0.0
4.845 0.0
4.855 0.0
4.865 0.0
4.875 0.0
4.885 0.0
4.895 0.0
4.905 0.0
4.915 0.0
4.925 0.0
4.935 0.0
4.945 0.0
4.955 0.0
4.965 0.0
4.975 0.0
4.985 0.0
4.995 0.0
5.005 0.0
5.015 0.0
5.025 0.0
5.035 0.0
5.045 0.0
5.055 0.0
5.065 0.0
5.075 0.0
5.085 0.0
5.095 0.0
5.105 0.0
5.115 0.0
5.125 0.0
5.135 0.0
5.145 0.0
5.155 0.0
5.165 0.0
5.175 0.0
5.185 0.0
5.195 0.0
5.205 0.0
5.215 0.0
5.225 0.0
5.235 0.0
5.245 0.0
5.255 0.0
5.265 0.0
5.275 0.0
5.285 0.0
5.295 0.0
5.305 0.0
5.315 0.0
5.325 0.0
5.335 0.0
5.345 0.0
5.355 0.0
5.365 0.0
5.375 0.0
5.385 0.0
5.395 0.0
5.405 0.0
5.415 0.0
5.425 0.0
5.435 0.0
5.445 0.0
5.455 0.0
5.465 0.0
5.475 0.0
5.485 0.0
5.495 0.0
5.505 0.0
5.515 0.0
5.525 0.0
5.535 0.0
5.545 0.0
5.555 0.0
5.565 0.0
5.575 0.0
5.585 0.0
5.595 0.0
5.605 0.0
5.615 0.0
5.625 0.0
5.635 0.0
5.645 0.0
5.655 0.0
5.665 0.0
5.675 0.0
5.685 0.0
5.695 0.0
5.705 0.0
5.715 0.0
5.725 0.0
5.735 0.0
5.745 0.0
5.755 0.0
5.765 0.0
5.775 0.0
5.785 0.0
5.795 0.0
5.805 0.0
5.815 0.0
5.825 0.0
5.835 0.0
5.845 0.0
5.855 0.0
5.865 0.0
5.875 0.0
5.885 0.0
5.895 0.0
5.905 0.0
5.915 0.0
5.925 0.0
5.935 0.0
5.945 0.0
5.955 0.0
5.965 0.0
5.975 0.0
5.985 0.0
5.995 0.0
6.005 0.0
6.015 0.0
6.025 0.0
6.035 0.0
6.045 0.0
6.055 0.0
6.065 0.0
6.075 0.0
6.085 0.0
6.095 0.0
6.105 0.0
6.115 0.0
6.125 0.0
6.135 0.0
6.145 0.0
6.155 0.0
6.165 0.0
6.175 0.0
6.185 0.0
6.195 0.0
6.205 0.0
6.215 0.0
6.225 0.0
6.235 0.0
6.245 0.0
6.255 0.0
6.265 0.0
6.275 0.0
6.285 0.0
6.295 0.0
6.305 0.0
6.315 0.0
6.325 0.0
6.335 0.0
6.345 0.0
6.355 0.0
6.365 0.0
6.375 0.0
6.385 0.0
6.395 0.0
6.405 0.0
6.415 0.0
6.425 0.0
6.435 0.0
6.445 0.0
6.455 0.0
6.465 0.0
6.475 0.0
6.485 0.0
6.495 0.0
6.505 0.0
6.515 0.0
6.525 0.0
6.535 0.0
6.545 0.0
6.555 0.0
6.565 0.0
6.575 0.0
6.585 0.0
6.595 0.0
6.605 0.0
6.615 0.0
6.625 0.0
6.635 0.0
6.645 0.0
6.655 0.0
6.665 0.0
6.675 0.0
6.685 0.0
6.695 0.0
6.705 0.0
6.715 0.0
6.725 0.0
6.735 0.0
6.745 0.0
6.755 0.0
6.765 0.0
6.775 0.0
6.785 0.0
6.795 0.0
6.805 0.0
6.815 0.0
6.825 0.0
6.835 0.0
6.845 0.0
6.855 0.0
6.865 0.0
6.875 0.0
6.885 0.0
6.895 0.0
6.905 0.0
6.915 0.0
6.925 0.0
6.935 0.0
6.945 0.0
6.955 0.0
6.965 0.0
6.975 0.0
6.985 0.0
6.995 0.0
7.005 0.0
7.015 0.0
7.025 0.0
7.035 0.0
7.045 0.0
7.055 0.0
7.065 0.0
7.075 0.0
7.085 0.0
7.095 0.0
7.105 0.0
7.115 0.0
7.125 0.0
7.135 0.0
7.145 0.0
7.155 0.0
7.165 0.0
7.175 0.0
7.185 0.0
7.195 0.0
7.205 0.0
7.215 0.0
7.225 0.0
7.235 0.0
7.245 0.0
7.255 0.0
7.265 0.0
7.275 0.0
7.285 0.0
7.295 0.0
7.305 0.0
7.315 0.0
7.325 0.0
7.335 0.0
7.345 0.0
7.355 0.0
7.365 0.0
7.375 0.0
7.385 0.0
7.395 0.0
7.405 0.0
7.415 0.0
7.425 0.0
7.435 0.0
7.445 0.0
7.455 0.0
7.465 0.0
7.475 0.0
7.485 0.0
7.495 0.0
7.505 0.0
7.515 0.0
7.525 0.0
7.535 0.0
7.545 0.0
7.555 0.0
7.565 0.0
7.575 0.0
7.585 0.0
7.595 0.0
7.605 0.0
7.615 0.0
7.625 0.0
7.635 0.0
7.645 0.0
7.655 0.0
7.665 0.0
7.675 0.0
7.685 0.0
7.695 0.0
7.705 0.0
7.715 0.0
7.725 0.0
7.735 0.0
7.745 0.0
7.755 0.0
7.765 0.0
7.775 0.0
7.785 0.0
7.795 0.0
7.805 0.0
7.815 0.0
7.825 0.0
7.835 0.0
7.845 0.0
7.855 0.0
7.865 0.0
7.875 0.0
7.885 0.0
7.895 0.0
7.905 0.0
7.915 0.0
7.925 0.0
7.935 0.0
7.945 0.0
7.955 0.0
7.965 0.0
7.975 0.0
7.985 0.0
7.995 0.0
8.005 0.0
8.015 0.0
8.025 0.0
8.035 0.0
8.045 0.0
8.055 0.0
8.065 0.0
8.075 0.0
8.085 0.0
8.095 0.0
8.105 0.0
8.115 0.0
8.125 0.0
8.135 0.0
8.145 0.0
8.155 0.0
8.165 0.0
8.175 0.0
8.185 0.0
8.195 0.0
8.205 0.0
8.215 0.0
8.225 0.0
8.235 0.0
8.245 0.0
8.255 0.0
8.265 0.0
8.275 0.0
8.285 0.0
8.295 0.0
8.305 0.0
8.315 0.0
8.325 0.0
8.335 0.0
8.345 0.0
8.355 0.0
8.365 0.0
8.375 0.0
8.385 0.0
8.395 0.0
8.405 0.0
8.415 0.0
8.425 0.0
8.435 0.0
8.445 0.0
8.455 0.0
8.465 0.0
8.475 0.0
8.485 0.0
8.495 0.0
8.505 0.0
8.515 0.0
8.525 0.0
8.535 0.0
8.545 0.0
8.555 0.0
8.565 0.0
8.575 0.0
8.585 0.0
8.595 0.0
8.605 0.0
8.615 0.0
8.625 0.0
8.635 0.0
8.645 0.0
8.655 0.0
8.665 0.0
8.675 0.0
8.685 0.0
8.695 0.0
8.705 0.0
8.715 0.0
8.725 0.0
8.735 0.0
8.745 0.0
8.755 0.0
8.765 0.0
8.775 0.0
8.785 0.0
8.795 0.0
8.805 0.0
8.815 0.0
8.825 0.0
8.835 0.0
8.845 0.0
8.855 0.0
8.865 0.0
8.875 0.0
8.885 0.0
8.895 0.0
8.905 0.0
8.915 0.0
8.925 0.0
8.935 0.0
8.945 0.0
8.955 0.0
8.965 0.0
8.975 0.0
8.985 0.0
8.995 0.0
9.005 0.0
9.015 0.0
9.025 0.0
9.035 0.0
9.045 0.0
9.055 0.0
9.065 0.0
9.075 0.0
9.085 0.0
9.095 0.0
9.105 0.0
9.115 0.0
9.125 0.0
9.135 0.0
9.145 0.0
9.155 0.0
9.165 0.0
9.175 0.0
9.185 0.0
9.195 0.0
9.205 0.0
9.215 0.0
9.225 0.0
9.235 0.0
9.245 0.0
9.255 0.0
9.265 0.0
9.275 0.0
9.285 0.0
9.295 0.0
9.305 0.0
9.315 0.0
9.325 0.0
9.335 0.0
9.345 0.0
9.355 0.0
9.365 0.0
9.375 0.0
9.385 0.0
9.395 0.0
9.405 0.0
9.415 0.0
9.425 0.0
9.435 0.0
9.445 0.0
9.455 0.0
9.465 0.0
9.475 0.0
9.485 0.0
9.495 0.0
9.505 0.0
9.515 0.0
9.525 0.0
9.535 0.0
9.545 0.0
9.555 0.0
9.565 0.0
9.575 0.0
9.585 0.0
9.595 0.0
9.605 0.0
9.615 0.0
9.625 0.0
9.635 0.0
9.645 0.0
9.655 0.0
9.665 0.0
9.675 0.0
9.685 0.0
9.695 0.0
9.705 0.0
9.715 0.0
9.725 0.0
9.735 0.0
9.745 0.0
9.755 0.0
9.765 0.0
9.775 0.0
9.785 0.0
9.795 0.0
9.805 0.0
9.815 0.0
9.825 0.0
9.835 0.0
9.845 0.0
9.855 0.0
9.865 0.0
9.875 0.0
9.885 0.0
9.895 0.0
9.905 0.0
9.915 0.0
9.925 0.0
9.935 0.0
9.945 0.0
9.955 0.0
9.965 0.0
9.975 0.0
9.985 0.0
9.995 0.0
