0.1 214.646
0.2 79.912
0.3 36.2002
0.4 15.2567
0.5 3.36
0.6 -4.0844
0.7 -9.0492
0.8 -12.5196
0.9 -15.0396
1.0 -16.9324
1.1 -18.39961
1.2 -19.57113
1.4 -21.34006
1.5 -22.03182
1.6 -22.63302
1.7 -23.16091
1.8 -23.62758
1.9 -24.04184
2.0 -24.41034
2.2 -25.03056
2.4 -25.52155
2.6 -25.90871
2.8 -26.212465
3.0 -26.449501
3.2 -26.633473
3.4 -26.775461
3.6 -26.884467
3.8 -26.967707
4.0 -27.030863
4.2 -27.078538
4.4 -27.11432
4.6 -27.1409857
4.8 -27.1607405
5.0 -27.1752727
5.2 -27.1859108
5.4 -27.1936116
5.6 -27.1991634
5.8 -27.2031354
6.0 -27.20591209
6.2 -27.20787135
6.4 -27.20920455
6.6 -27.210129039
6.8 -27.21072752
7.0 -27.211
7.2 -27.21127248
7.4 -27.211544959
7.6 -27.211544959
7.8 -27.211544959
8.0 -27.211544959
8.2 -27.211544959
8.4 -27.211544959
8.6 -27.211544959
8.8 -27.211544959
9.0 -27.21127248
9.2 -27.21127248
9.4 -27.21127248
9.6 -27.21127248
9.8 -27.21127248
10.0 -27.21127248
10.2 -27.21127248
10.4 -27.21127248
10.6 -27.21127248
10.8 -27.211
11.0 -27.211
11.2 -27.211
11.4 -27.211
11.6 -27.211
11.8 -27.211
12.0 -27.211
12.2 -27.211
12.4 -27.211
12.6 -27.211
12.8 -27.211
13.0 -27.211
13.2 -27.211
13.4 -27.211
13.6 -27.211
13.8 -27.211
14.0 -27.211
14.2 -27.211
14.4 -27.211
14.6 -27.211
14.8 -27.211
15.0 -27.211
15.2 -27.211
15.4 -27.211
15.6 -27.211
15.8 -27.211
16.0 -27.211
16.4 -27.211
16.6 -27.211
16.8 -27.211
17.0 -27.211
17.2 -27.211
17.6 -27.211
17.8 -27.211
18.0 -27.211
18.2 -27.211
18.4 -27.211
18.6 -27.211
18.8 -27.211
19.0 -27.211
19.2 -27.211
19.4 -27.211
19.6 -27.211
19.8 -27.211
20.0 -27.211
20.2 -27.211
20.4 -27.211
20.6 -27.211
20.8 -27.211
21.0 -27.211
21.2 -27.211
21.4 -27.211
21.6 -27.211
21.8 -27.211
22.0 -27.211
22.2 -27.211
22.4 -27.211
22.6 -27.211
22.8 -27.211
23.0 -27.211
23.2 -27.211
23.4 -27.211
23.6 -27.211
23.8 -27.211
24.0 -27.211
24.2 -27.211
24.4 -27.211
24.6 -27.211
24.8 -27.211
25.0 -27.211
25.2 -27.211
25.4 -27.211
25.6 -27.211
25.8 -27.211
26.0 -27.211
26.2 -27.211
26.4 -27.211
26.6 -27.211
26.8 -27.211
27.0 -27.211
27.2 -27.211
27.4 -27.211
27.6 -27.211
27.8 -27.211
28.0 -27.211
28.2 -27.211
28.4 -27.211
28.6 -27.211
28.8 -27.211
29.0 -27.211
29.2 -27.211
29.4 -27.211
29.6 -27.211
29.8 -27.211
30.0 -27.211
30.2 -27.211
30.4 -27.211
30.6 -27.211
30.8 -27.211
31.0 -27.211
31.2 -27.211
31.4 -27.211
31.6 -27.211
31.8 -27.211
32.0 -27.211
32.2 -27.211
32.4 -27.211
32.6 -27.211
32.8 -27.211
33.0 -27.211
33.2 -27.211
33.4 -27.211
33.6 -27.211
33.8 -27.211
34.0 -27.211
34.2 -27.211
34.4 -27.211
34.6 -27.211
34.8 -27.211
35.0 -27.211
35.2 -27.211
35.4 -27.211
35.6 -27.211
35.8 -27.211
36.0 -27.211
36.2 -27.211
36.4 -27.211
36.6 -27.211
36.8 -27.211
37.0 -27.211
37.2 -27.211
37.4 -27.211
37.6 -27.211
37.8 -27.211
38.0 -27.211
38.2 -27.211
38.4 -27.211
38.6 -27.211
38.8 -27.211
39.0 -27.211
39.2 -27.211
39.4 -27.211
39.6 -27.211
39.8 -27.211
40.0 -27.211
40.2 -27.211
40.4 -27.211
40.6 -27.211
40.8 -27.211
41.0 -27.211
41.2 -27.211
41.4 -27.211
41.6 -27.211
41.8 -27.211
42.0 -27.211
42.2 -27.211
42.4 -27.211
42.6 -27.211
42.8 -27.211
43.0 -27.211
43.2 -27.211
43.4 -27.211
43.6 -27.211
43.8 -27.211
44.0 -27.211
