1 21.8011718245
1.2 20.3985876291
1.3 20.4243023983
1.4 20.5684955857
1.5 18.6703102349
1.6 15.7629630521
1.7 13.2859913084
1.8 11.2128911041
1.9 9.48091296013
2 8.0327768878
2.068 7.18525074799
2.1 6.82020987065
2.2 5.80321115654
2.3 4.94844678539
2.4 4.228623727
2.5 3.6211293113
2.75 2.47925750096
3 1.71758331552
3.25 1.2020634183
3.5 0.84817921332
3.75 0.602079347896
4 0.429042080732
4.25 0.306345896168
4.5 0.218752412444
5 0.110859227304
6 0.0265311111
6.5 0.012081859824
7 0.00506131965601
8 0.000435382336013
8.5 0.0
9 0.0
9.5 0.000163268375999
10 0.000408170940009
12.5 0.00133335840402
15 0.001741529344
17.5 0.00190479772
20 0.00198643190801
30 0.002095277492
40 0.002095277492
100 0.002095277492
