1 11.6101502743
1.2 5.78810883176
1.3 3.96298607925
1.4 2.62989978921
1.5 1.67001779531
1.6 0.994277198444
1.7 0.535955655616
1.8 0.244031799328
1.9 0.078586511648
2 0.00770082506799
2.068 0.000571439315983
2.1 0.00639467806
2.2 0.055402402256
2.3 0.13959446148
2.4 0.247596492204
2.5 0.37061921352
2.75 0.704747945004
3 1.03147517678
3.25 1.32228336583
3.5 1.56764852356
3.75 1.76770670695
4 1.92697500774
4.25 2.05157599002
4.5 2.14776827488
5 2.27699519449
6 2.3918817084
6.5 2.41506581779
7 2.42812728787
8 2.43990982234
8.5 2.44249490496
9 2.44407316593
9.5 2.44507998758
10 2.44576027248
12.5 2.44714805368
15 2.44758343601
17.5 2.44774670439
20 2.44782833858
30 2.44793718416
40 2.44793718416
100 2.44793718416
