0.6 0.3829
0.7 -4.6852
0.8 -8.1064
0.9 -10.4746
1.0 -12.1535
1.1 -13.3777
1.2 -14.2847
1.3 -14.9587
1.4 -15.4569
1.5 -15.8161
1.6 -16.0635
1.7 -16.2254
1.8 -16.3255
1.9 -16.3799
2.0 -16.3982
2.1 -16.3873
2.2 -16.3538
2.3 -16.3032
2.4 -16.2398
2.5 -16.1663
2.6 -16.0855
2.7 -15.9995
2.8 -15.91
2.9 -15.8183
3.0 -15.7252
3.1 -15.6322
3.2 -15.5394
3.3 -15.448
3.4 -15.3582
3.5 -15.27
3.6 -15.1843
3.7 -15.1007
3.8 -15.0199
3.9 -14.9421
4.0 -14.867
4.1 -14.7946
4.2 -14.7252
4.3 -14.6588
4.4 -14.5954
4.5 -14.5348
4.6 -14.4773
4.7 -14.4224
4.8 -14.3704
4.9 -14.3211
5.0 -14.2746
5.1 -14.2303
5.2 -14.1886
5.3 -14.1494
5.4 -14.1124
5.5 -14.0779
5.6 -14.0452
5.7 -14.0145
5.8 -13.9856
5.9 -13.9587
6.0 -13.9337
6.1 -13.91
6.2 -13.888
6.3 -13.8673
6.4 -13.8482
6.5 -13.8303
6.6 -13.8139
6.7 -13.7984
6.8 -13.7843
6.9 -13.7712
7.0 -13.759
7.1 -13.7475
7.2 -13.7369
7.3 -13.7271
7.4 -13.7179
7.5 -13.7097
7.6 -13.7018
7.7 -13.6948
7.8 -13.6879
7.9 -13.6817
8.0 -13.676
8.1 -13.6705
8.2 -13.6656
8.3 -13.6607
8.4 -13.6564
8.5 -13.6523
8.6 -13.6485
8.7 -13.6452
8.8 -13.642
8.9 -13.6392
9.0 -13.6365
9.1 -13.6343
9.2 -13.6322
9.3 -13.6303
9.4 -13.6286
9.5 -13.627
9.6 -13.6256
9.7 -13.6245
9.8 -13.6235
9.9 -13.6224
10.0 -13.6213
10.1 -13.6205
10.2 -13.6196
10.3 -13.6186
10.4 -13.6177
10.5 -13.6169
10.6 -13.6164
10.7 -13.6156
10.8 -13.615
10.9 -13.6145
11.0 -13.6137
11.1 -13.6131
11.2 -13.6128
11.3 -13.6123
11.4 -13.612
11.5 -13.6115
11.6 -13.6112
11.7 -13.6109
11.8 -13.6107
11.9 -13.6104
12.0 -13.6101
12.1 -13.6099
12.2 -13.6096
12.3 -13.6093
12.4 -13.609
12.5 -13.609
12.6 -13.6088
12.7 -13.6085
12.8 -13.6085
12.9 -13.6082
13.0 -13.6082
13.1 -13.6082
13.2 -13.6079
13.3 -13.6079
13.4 -13.6079
13.5 -13.6077
13.6 -13.6077
13.7 -13.6077
13.8 -13.6077
13.9 -13.6074
14.0 -13.6074
14.1 -13.6074
14.2 -13.6074
14.3 -13.6071
14.4 -13.6071
14.5 -13.6071
14.6 -13.6071
14.7 -13.6071
14.8 -13.6069
14.9 -13.6069
15.0 -13.6069
20.0 -13.6063
40.0 -13.6055
